Cube 255 0 0 -16.95507577840143 -15.454003714007182 10.086036098698234 1.0 1.0 1.0 0.0 0.0 0.0
Cube 255 0 0 -16.10497541426929 -16.75844660077511 8.726663701873175 1.0 1.0 1.0 0.0 0.0 0.0
Cube 255 0 0 -17.397457341962248 -13.431343445837756 10.431687315049068 1.0 1.0 1.0 0.0 0.0 0.0
Cube 255 0 0 -16.49633675932283 -16.949326282662696 11.475856684727706 1.0 1.0 1.0 0.0 0.0 0.0
Cube 255 0 0 -14.868074620403553 -10.391786262050266 6.870152230196178 1.0 1.0 1.0 0.0 0.0 0.0
Cube 255 0 0 -14.756029134353634 -8.43295102361037 8.113221694403983 1.0 1.0 1.0 0.0 0.0 0.0
Cube 255 0 0 -13.447409085165813 -5.693224523151164 10.112443025531272 1.0 1.0 1.0 0.0 0.0 0.0
Cube 255 0 0 -11.920383971632631 -4.285600787491575 11.49717341686728 1.0 1.0 1.0 0.0 0.0 0.0
Cube 255 0 0 -9.5481638832724 -3.20451780932399 11.49717341686728 1.0 1.0 1.0 0.0 0.0 0.0
Cube 255 0 0 -6.958434912758534 -3.3050336323323286 8.76485143472515 1.0 1.0 1.0 0.0 0.0 0.0
Cube 255 0 0 -4.6609874359364225 -4.2324269375549495 7.172436776833347 1.0 1.0 1.0 0.0 0.0 0.0
Cube 255 0 0 -2.879087078663623 -5.702926532954329 6.002382747776235 1.0 1.0 1.0 0.0 0.0 0.0
Cube 255 0 0 -1.9274027116538273 -7.151965153834908 5.200549378671733 1.0 1.0 1.0 0.0 0.0 0.0
Cube 255 0 0 0.08164702798262446 -8.055996440703975 6.284768615786257 1.0 1.0 1.0 0.0 0.0 0.0
Cube 255 0 0 1.2325761668823807 -8.920379104403276 7.172436776833347 1.0 1.0 1.0 0.0 0.0 0.0
Cube 255 0 0 2.936801336823093 -11.410150619212885 9.43234252827151 1.0 1.0 1.0 0.0 0.0 0.0
Cube 255 0 0 3.224370125739185 -13.443436102614553 10.45618832889441 1.0 1.0 1.0 0.0 0.0 0.0
Cube 255 0 0 2.630678124534114 -16.495391625622798 12.543892541726155 1.0 1.0 1.0 0.0 0.0 0.0
Cube 255 0 0 1.837687799783108 -17.841430560145774 13.584877629699026 1.0 1.0 1.0 0.0 0.0 0.0
Cube 255 0 0 0.014597345748994073 -19.63354026680704 14.944250026524085 1.0 1.0 1.0 0.0 0.0 0.0
Cube 255 0 0 -1.2736563478721719 -20.401902693367227 15.60421247474972 1.0 1.0 1.0 0.0 0.0 0.0
Cube 255 0 0 -3.147013841771457 -20.956217844365327 16.560437976692185 1.0 1.0 1.0 0.0 0.0 0.0
Cube 255 0 0 -5.951126353704469 -20.496346409101974 18.313736889795095 1.0 1.0 1.0 0.0 0.0 0.0
Cube 255 0 0 -7.856331728335447 -19.718101947833702 19.091600791162193 1.0 1.0 1.0 0.0 0.0 0.0
Cube 255 0 0 -8.764372961479655 -18.957619530635267 19.567628781524434 1.0 1.0 1.0 0.0 0.0 0.0
Cube 255 0 0 -9.321231948154596 -17.81883888260109 20.21205342218663 1.0 1.0 1.0 0.0 0.0 0.0
Cube 255 0 0 -10.415798345742862 -17.780435659526 19.79199259386642 1.0 1.0 1.0 0.0 0.0 0.0
Cube 255 0 0 -11.714954196614094 -17.66643598822905 19.09160079116219 1.0 1.0 1.0 0.0 0.0 0.0
Cube 255 0 0 -12.994460719029842 -17.21198565560448 18.313736889795088 1.0 1.0 1.0 0.0 0.0 0.0
Cube 255 0 0 -14.51872029381594 -16.103679011707918 17.170913728397252 1.0 1.0 1.0 0.0 0.0 0.0
Cube 255 0 0 -16.281827792387077 -13.091562796527867 14.608723430321918 1.0 1.0 1.0 0.0 0.0 0.0
Cube 255 0 0 -16.355285042424264 -11.039356740161304 13.584877629699019 1.0 1.0 1.0 0.0 0.0 0.0
Cube 255 0 0 -15.679110925774292 -8.534068763624495 12.543892541726148 1.0 1.0 1.0 0.0 0.0 0.0
Cube 255 0 0 -14.603863767015817 -6.744556978847076 11.497173416867273 1.0 1.0 1.0 0.0 0.0 0.0
Cube 255 0 0 -13.489513420637419 -5.6496242074283085 10.456188328894402 1.0 1.0 1.0 0.0 0.0 0.0
Cube 255 0 0 -13.108272225406637 -5.300281015418681 10.456188328894402 1.0 1.0 1.0 0.0 0.0 0.0
Cube 255 0 0 -11.830285236684714 -4.429788904051646 10.112443025531263 1.0 1.0 1.0 0.0 0.0 0.0
Cube 255 0 0 -11.747080720355257 -4.562943964505838 9.432342528271503 1.0 1.0 1.0 0.0 0.0 0.0
Cube 255 0 0 -11.154541409040942 -4.58918115249296 8.436853483843707 1.0 1.0 1.0 0.0 0.0 0.0
Cube 255 0 0 -8.264006003811673 -4.340272313316996 6.870152230196169 1.0 1.0 1.0 0.0 0.0 0.0
Cube 255 0 0 -4.217675054432314 -4.347075314774596 7.17243677683334 1.0 1.0 1.0 0.0 0.0 0.0
Cube 255 0 0 -1.3411809128966583 -4.915755297427926 8.764851434725143 1.0 1.0 1.0 0.0 0.0 0.0
Cube 255 0 0 -1.2270650152460831 -4.746571521684388 9.432342528271503 1.0 1.0 1.0 0.0 0.0 0.0
Cube 255 0 0 -0.7645482576718337 -4.972794207987808 9.771022435858061 1.0 1.0 1.0 0.0 0.0 0.0
Cube 255 0 0 1.2216676591772462 -6.621272569245881 11.14897555182013 1.0 1.0 1.0 0.0 0.0 0.0
Cube 255 0 0 2.116411294571103 -7.9071017307040545 12.195057043669546 1.0 1.0 1.0 0.0 0.0 0.0
Cube 255 0 0 2.56397964677965 -8.852503094059779 12.543892541726148 1.0 1.0 1.0 0.0 0.0 0.0
Cube 255 0 0 3.002179202046893 -10.35327307988127 13.239226413348185 1.0 1.0 1.0 0.0 0.0 0.0
Cube 255 0 0 3.0204219342990104 -11.398398510645299 14.27004352273536 1.0 1.0 1.0 0.0 0.0 0.0
Cube 255 0 0 2.8036997100618173 -13.414019961567277 15.276214523868278 1.0 1.0 1.0 0.0 0.0 0.0
Cube 255 0 0 2.0835359154438233 -15.252582364384889 16.246715596703705 1.0 1.0 1.0 0.0 0.0 0.0
Cube 255 0 0 1.6412381082096061 -15.601942783685828 16.86862918176008 1.0 1.0 1.0 0.0 0.0 0.0
Cube 255 0 0 0.42307932303345996 -16.503826154615606 18.038683210817197 1.0 1.0 1.0 0.0 0.0 0.0
Cube 255 0 0 -1.0259592978471206 -17.455510521625403 18.840516579921697 1.0 1.0 1.0 0.0 0.0 0.0
Cube 255 0 0 -1.4650820969108542 -19.363273807378025 17.46692332944698 1.0 1.0 1.0 0.0 0.0 0.0
Cube 255 0 0 -3.2110422369503855 -20.805376398103167 16.86862918176008 1.0 1.0 1.0 0.0 0.0 0.0
Cube 255 0 0 -4.872047625380794 -21.790385411077747 15.927844264189448 1.0 1.0 1.0 0.0 0.0 0.0
Cube 255 0 0 -6.294708141872552 -22.311681554075435 14.944250026524077 1.0 1.0 1.0 0.0 0.0 0.0
Cube 255 0 0 -7.832142984218223 -22.557722159420578 13.584877629699019 1.0 1.0 1.0 0.0 0.0 0.0
Cube 255 0 0 -9.381049732650833 -22.35390274655627 12.543892541726148 1.0 1.0 1.0 0.0 0.0 0.0
Cube 255 0 0 -10.848844469654738 -21.80511678176208 11.497173416867273 1.0 1.0 1.0 0.0 0.0 0.0
Cube 255 0 0 -12.938231597162268 -20.27416003557967 10.112443025531263 1.0 1.0 1.0 0.0 0.0 0.0
Cube 255 0 0 -14.54085484100797 -18.29478247685674 9.432342528271503 1.0 1.0 1.0 0.0 0.0 0.0
Cube 255 0 0 -15.278369870514451 -15.902771563731283 8.113221694403974 1.0 1.0 1.0 0.0 0.0 0.0
Cube 255 0 0 -15.2895333713682 -13.971694912667251 7.17243677683334 1.0 1.0 1.0 0.0 0.0 0.0
