Cube 255 0 0 3.069010963625707 7.458826099193978 -4.466781777259676 1.0 1.0 1.0 0.0 84.0 45.0
Cube 255 0 0 4.193572645893993 8.534732987252065 -4.466781777259676 1.0 1.0 1.0 0.0 84.0 45.0
Cube 255 0 0 5.4725980262168985 9.421473470982653 -4.466781777259676 1.0 1.0 1.0 0.0 84.0 45.0
Cube 255 0 0 6.395675921738834 9.896550139980084 -4.466781777259676 1.0 1.0 1.0 0.0 84.0 45.0
Cube 255 0 0 7.363356134110485 10.27253637538141 -4.466781777259676 1.0 1.0 1.0 0.0 84.0 45.0
Cube 255 0 0 8.365036556425002 10.545312793311393 -4.466781777259676 1.0 1.0 1.0 0.0 84.0 45.0
Cube 255 0 0 9.389742568360406 10.711890798253055 -4.466781777259676 1.0 1.0 1.0 0.0 84.0 45.0
Cube 255 0 0 9.90722827024336 10.754738977984937 -4.466781777259676 1.0 1.0 1.0 0.0 84.0 45.0
Cube 255 0 0 10.945376991860217 10.758966794464794 -4.466781777259676 1.0 1.0 1.0 0.0 84.0 45.0
Cube 255 0 0 11.978280553316381 10.654655360009722 -4.466781777259676 1.0 1.0 1.0 0.0 84.0 45.0
Cube 255 0 0 13.493092183625926 10.297499464530095 -4.466781777259676 1.0 1.0 1.0 0.0 84.0 45.0
Cube 255 0 0 14.463802623843456 9.929407242553603 -4.466781777259676 1.0 1.0 1.0 0.0 84.0 45.0
Cube 255 0 0 15.39071929639839 9.461864597689418 -4.466781777259676 1.0 1.0 1.0 0.0 84.0 45.0
Cube 255 0 0 16.263686708256426 8.899994024994257 -4.466781777259676 1.0 1.0 1.0 0.0 84.0 45.0
Cube 255 0 0 17.073140445773074 8.24995149604155 -4.466781777259676 1.0 1.0 1.0 0.0 84.0 45.0
Cube 255 0 0 17.810211964411018 7.518859012808644 -4.466781777259676 1.0 1.0 1.0 0.0 84.0 45.0
Cube 255 0 0 18.14904733383116 7.125389813773265 -4.466781777259676 1.0 1.0 1.0 0.0 84.0 45.0
Cube 255 0 0 18.76267621746514 6.2879949034728595 -4.466781777259676 1.0 1.0 1.0 0.0 84.0 45.0
Cube 255 0 0 19.28541197474766 5.391045645886249 -4.466781777259676 1.0 1.0 1.0 0.0 84.0 45.0
Cube 255 0 0 19.886850721960506 3.9556063255567713 -4.466781777259676 1.0 1.0 1.0 0.0 84.0 45.0
Cube 255 0 0 20.15962713989049 2.9539259032422525 -4.466781777259676 1.0 1.0 1.0 0.0 84.0 45.0
Cube 255 0 0 20.32620514483215 1.9292198913068495 -4.466781777259676 1.0 1.0 1.0 0.0 84.0 45.0
Cube 255 0 0 20.369053324564035 1.4117341894238977 -4.466781777259676 1.0 1.0 1.0 0.0 84.0 45.0
Cube 255 0 0 20.360681673259414 0.1604651534323046 -4.466781777259676 1.0 1.0 1.0 0.0 84.0 45.0
Cube 255 0 0 20.234162121054453 -0.8699539096370643 -4.466781777259676 1.0 1.0 1.0 0.0 84.0 45.0
Cube 255 0 0 20.000627535010103 -1.8815033348991175 -4.466781777259676 1.0 1.0 1.0 0.0 84.0 45.0
Cube 255 0 0 19.844484063520248 -2.37672715749929 -4.466781777259676 1.0 1.0 1.0 0.0 84.0 45.0
Cube 255 0 0 19.4555834825559 -3.3392898727300926 -4.466781777259676 1.0 1.0 1.0 0.0 84.0 45.0
Cube 255 0 0 18.9681981382436 -4.25592838860017 -4.466781777259676 1.0 1.0 1.0 0.0 84.0 45.0
Cube 255 0 0 18.387667926407573 -5.116599821710691 -4.466781777259676 1.0 1.0 1.0 0.0 84.0 45.0
Cube 255 0 0 17.720353257532448 -5.911874475733437 -4.466781777259676 1.0 1.0 1.0 0.0 84.0 45.0
Cube 255 0 0 17.356401495020393 -6.282234479950939 -4.466781777259676 1.0 1.0 1.0 0.0 84.0 45.0
Cube 255 0 0 16.572894212002222 -6.9633269700610585 -4.466781777259676 1.0 1.0 1.0 0.0 84.0 45.0
Cube 255 0 0 15.7224855125258 -7.558789551993563 -4.466781777259676 1.0 1.0 1.0 0.0 84.0 45.0
Cube 255 0 0 14.341989255286613 -8.277430416922291 -4.466781777259676 1.0 1.0 1.0 0.0 84.0 45.0
Cube 255 0 0 13.366440472711389 -8.632501135854302 -4.466781777259676 1.0 1.0 1.0 0.0 84.0 45.0
Cube 255 0 0 12.359120851839155 -8.883654125151129 -4.466781777259676 1.0 1.0 1.0 0.0 84.0 45.0
Cube 255 0 0 11.846985542316158 -8.969356184049426 -4.466781777259676 1.0 1.0 1.0 0.0 84.0 45.0
Cube 255 0 0 10.812778714004033 -9.059837557267837 -4.466781777259676 1.0 1.0 1.0 0.0 84.0 45.0
Cube 255 0 0 9.77477950001139 -9.041719213592158 -4.466781777259676 1.0 1.0 1.0 0.0 84.0 45.0
Cube 255 0 0 8.74436043694202 -8.9151996613872 -4.466781777259676 1.0 1.0 1.0 0.0 84.0 45.0
Cube 255 0 0 7.732811011679967 -8.681665075342849 -4.466781777259676 1.0 1.0 1.0 0.0 84.0 45.0
Cube 255 0 0 6.751213971408717 -8.34367410925405 -4.466781777259676 1.0 1.0 1.0 0.0 84.0 45.0
Cube 255 0 0 6.275024473848991 -8.136621022888653 -4.466781777259676 1.0 1.0 1.0 0.0 84.0 45.0
Cube 255 0 0 5.358385957978914 -7.649235678576353 -4.466781777259676 1.0 1.0 1.0 0.0 84.0 45.0
Cube 255 0 0 4.4977145248683925 -7.068705466740328 -4.466781777259676 1.0 1.0 1.0 0.0 84.0 45.0
Cube 255 0 0 3.7024398708456507 -6.401390797865206 -4.466781777259676 1.0 1.0 1.0 0.0 84.0 45.0
Cube 255 0 0 3.3320798666281446 -6.037439035353148 -4.466781777259676 1.0 1.0 1.0 0.0 84.0 45.0
Cube 255 0 0 2.6509873765180263 -5.253931752334978 -4.466781777259676 1.0 1.0 1.0 0.0 84.0 45.0
Cube 255 0 0 2.055524794585521 -4.403523052858559 -4.466781777259676 1.0 1.0 1.0 0.0 84.0 45.0
Cube 255 0 0 1.5522161334868336 -3.4955301925948046 -4.466781777259676 1.0 1.0 1.0 0.0 84.0 45.0
Cube 255 0 0 1.3368839296567945 -3.0230267956193724 -4.466781777259676 1.0 1.0 1.0 0.0 84.0 45.0
Cube 255 0 0 0.9818132107247823 -2.047478013044148 -4.466781777259676 1.0 1.0 1.0 0.0 84.0 45.0
Cube 255 0 0 0.7306602214279572 -1.0401583921719164 -4.466781777259676 1.0 1.0 1.0 0.0 84.0 45.0
Cube 255 0 0 0.6449581625296581 -0.5280230826489176 -4.466781777259676 1.0 1.0 1.0 0.0 84.0 45.0
Cube 255 0 0 0.5544767893112468 0.5061837456632037 -4.466781777259676 1.0 1.0 1.0 0.0 84.0 45.0
Cube 255 0 0 0.5499454781458422 1.0254205754227534 -4.466781777259676 1.0 1.0 1.0 0.0 84.0 45.0
Cube 255 0 0 0.6223636727049406 2.0610490067260407 -4.466781777259676 1.0 1.0 1.0 0.0 84.0 45.0
Cube 255 0 0 0.6991146851918835 2.5746020227252258 -4.466781777259676 1.0 1.0 1.0 0.0 84.0 45.0
Cube 255 0 0 0.9326492712362349 3.5861514479872785 -4.466781777259676 1.0 1.0 1.0 0.0 84.0 45.0
Cube 255 0 0 1.2706402373250345 4.567748488258525 -4.466781777259676 1.0 1.0 1.0 0.0 84.0 45.0
Cube 255 0 0 1.7093844837046461 5.508638560953355 -4.466781777259676 1.0 1.0 1.0 0.0 84.0 45.0
Cube 255 0 0 1.9650786680027306 5.960576501688327 -4.466781777259676 1.0 1.0 1.0 0.0 84.0 45.0
Cube 255 0 0 2.545608879838759 6.821247934798853 -4.466781777259676 1.0 1.0 1.0 0.0 84.0 45.0
Cube 255 0 0 3.212923548713878 7.616522588821592 -4.466781777259676 1.0 1.0 1.0 0.0 84.0 45.0
Cube 255 0 0 3.959711435471327 8.337687268225158 -4.466781777259676 1.0 1.0 1.0 0.0 84.0 45.0
Cube 255 0 0 4.3603825942441015 8.667975083149216 -4.466781777259676 1.0 1.0 1.0 0.0 84.0 45.0
Cube 255 0 0 5.210791293720525 9.263437665081723 -4.466781777259676 1.0 1.0 1.0 0.0 84.0 45.0
Cube 255 0 0 5.658197923290087 9.52698031054319 -4.466781777259676 1.0 1.0 1.0 0.0 84.0 45.0
Cube 255 0 0 8.106297720250572 10.319133464058451 -0.997579056774696 1.0 1.0 1.0 0.0 84.0 45.0
Cube 255 0 0 9.108778952893113 10.51399607596427 -0.997579056774696 1.0 1.0 1.0 0.0 84.0 45.0
Cube 255 0 0 10.126137177822729 10.603003387390467 -0.997579056774696 1.0 1.0 1.0 0.0 84.0 45.0
Cube 255 0 0 11.147226005431198 10.585180215607085 -0.997579056774696 1.0 1.0 1.0 0.0 84.0 45.0
Cube 255 0 0 12.160858172846671 10.460721835013915 -0.997579056774696 1.0 1.0 1.0 0.0 84.0 45.0
Cube 255 0 0 13.155928113926773 10.230991837673333 -0.997579056774696 1.0 1.0 1.0 0.0 84.0 45.0
Cube 255 0 0 14.12153363416526 9.898507193510287 -0.997579056774696 1.0 1.0 1.0 0.0 84.0 45.0
Cube 255 0 0 15.047095357416453 9.46691067386312 -0.997579056774696 1.0 1.0 1.0 0.0 84.0 45.0
Cube 255 0 0 15.922472635754165 8.940930940518461 -0.997579056774696 1.0 1.0 1.0 0.0 84.0 45.0
Cube 255 0 0 16.73807465253246 8.32633073750317 -0.997579056774696 1.0 1.0 1.0 0.0 84.0 45.0
Cube 255 0 0 17.484965501379826 7.629843753254842 -0.997579056774696 1.0 1.0 1.0 0.0 84.0 45.0
Cube 255 0 0 18.154962089859325 6.859100844922174 -0.997579056774696 1.0 1.0 1.0 0.0 84.0 45.0
Cube 255 0 0 18.740723795141776 6.0225464330971805 -0.997579056774696 1.0 1.0 1.0 0.0 84.0 45.0
Cube 255 0 0 19.235832889405586 5.129345982976084 -0.997579056774696 1.0 1.0 1.0 0.0 84.0 45.0
Cube 255 0 0 19.63486485380577 4.189285585604619 -0.997579056774696 1.0 1.0 1.0 0.0 84.0 45.0
Cube 255 0 0 19.933447810637542 3.212664739416674 -0.997579056774696 1.0 1.0 1.0 0.0 84.0 45.0
Cube 255 0 0 20.12831042254336 2.2101835067741344 -0.997579056774696 1.0 1.0 1.0 0.0 84.0 45.0
Cube 255 0 0 20.21731773396956 1.1928252818445169 -0.997579056774696 1.0 1.0 1.0 0.0 84.0 45.0
Cube 255 0 0 20.199494562186175 0.1717364542360421 -0.997579056774696 1.0 1.0 1.0 0.0 84.0 45.0
Cube 255 0 0 20.075036181593003 -0.8418957131794277 -0.997579056774696 1.0 1.0 1.0 0.0 84.0 45.0
Cube 255 0 0 19.845306184252422 -1.8369656542595267 -0.997579056774696 1.0 1.0 1.0 0.0 84.0 45.0
Cube 255 0 0 19.512821540089377 -2.8025711744980186 -0.997579056774696 1.0 1.0 1.0 0.0 84.0 45.0
Cube 255 0 0 19.08122502044221 -3.7281328977492074 -0.997579056774696 1.0 1.0 1.0 0.0 84.0 45.0
Cube 255 0 0 18.55524528709755 -4.603510176086926 -0.997579056774696 1.0 1.0 1.0 0.0 84.0 45.0
Cube 255 0 0 17.94064508408226 -5.41911219286522 -0.997579056774696 1.0 1.0 1.0 0.0 84.0 45.0
Cube 255 0 0 17.244158099833932 -6.166003041712577 -0.997579056774696 1.0 1.0 1.0 0.0 84.0 45.0
Cube 255 0 0 16.473415191501257 -6.835999630192078 -0.997579056774696 1.0 1.0 1.0 0.0 84.0 45.0
Cube 255 0 0 15.636860779676267 -7.421761335474525 -0.997579056774696 1.0 1.0 1.0 0.0 84.0 45.0
Cube 255 0 0 14.743660329555173 -7.916870429738335 -0.997579056774696 1.0 1.0 1.0 0.0 84.0 45.0
Cube 255 0 0 13.80359993218371 -8.315902394138515 -0.997579056774696 1.0 1.0 1.0 0.0 84.0 45.0
Cube 255 0 0 12.82697908599576 -8.614485350970291 -0.997579056774696 1.0 1.0 1.0 0.0 84.0 45.0
Cube 255 0 0 11.824497853353224 -8.809347962876108 -0.997579056774696 1.0 1.0 1.0 0.0 84.0 45.0
Cube 255 0 0 10.8071396284236 -8.898355274302306 -0.997579056774696 1.0 1.0 1.0 0.0 84.0 45.0
Cube 255 0 0 9.786050800815131 -8.880532102518924 -0.997579056774696 1.0 1.0 1.0 0.0 84.0 45.0
Cube 255 0 0 8.772418633399662 -8.756073721925754 -0.997579056774696 1.0 1.0 1.0 0.0 84.0 45.0
Cube 255 0 0 7.7773486923195625 -8.526343724585171 -0.997579056774696 1.0 1.0 1.0 0.0 84.0 45.0
Cube 255 0 0 6.811743172081071 -8.193859080422126 -0.997579056774696 1.0 1.0 1.0 0.0 84.0 45.0
Cube 255 0 0 5.886181448829882 -7.7622625607749605 -0.997579056774696 1.0 1.0 1.0 0.0 84.0 45.0
Cube 255 0 0 5.010804170492164 -7.236282827430296 -0.997579056774696 1.0 1.0 1.0 0.0 84.0 45.0
Cube 255 0 0 4.19520215371387 -6.621682624415007 -0.997579056774696 1.0 1.0 1.0 0.0 84.0 45.0
Cube 255 0 0 3.448311304866512 -5.92519564016668 -0.997579056774696 1.0 1.0 1.0 0.0 84.0 45.0
Cube 255 0 0 2.778314716387012 -5.154452731834007 -0.997579056774696 1.0 1.0 1.0 0.0 84.0 45.0
Cube 255 0 0 2.1925530111045646 -4.317898320009017 -0.997579056774696 1.0 1.0 1.0 0.0 84.0 45.0
Cube 255 0 0 1.6974439168407525 -3.4246978698879182 -0.997579056774696 1.0 1.0 1.0 0.0 84.0 45.0
Cube 255 0 0 1.2984119524405724 -2.4846374725164564 -0.997579056774696 1.0 1.0 1.0 0.0 84.0 45.0
Cube 255 0 0 0.999828995608798 -1.50801662632851 -0.997579056774696 1.0 1.0 1.0 0.0 84.0 45.0
Cube 255 0 0 0.8049663837029808 -0.5055353936859732 -0.997579056774696 1.0 1.0 1.0 0.0 84.0 45.0
Cube 255 0 0 0.7159590722767835 0.5118228312436459 -0.997579056774696 1.0 1.0 1.0 0.0 84.0 45.0
Cube 255 0 0 0.7337822440601656 1.5329116588521188 -0.997579056774696 1.0 1.0 1.0 0.0 84.0 45.0
Cube 255 0 0 0.8582406246533356 2.546543826267593 -0.997579056774696 1.0 1.0 1.0 0.0 84.0 45.0
Cube 255 0 0 1.087970621993918 3.541613767347691 -0.997579056774696 1.0 1.0 1.0 0.0 84.0 45.0
Cube 255 0 0 1.4204552661569636 4.507219287586179 -0.997579056774696 1.0 1.0 1.0 0.0 84.0 45.0
Cube 255 0 0 1.8520517858041288 5.432781010837367 -0.997579056774696 1.0 1.0 1.0 0.0 84.0 45.0
Cube 255 0 0 2.3780315191487915 6.308158289175083 -0.997579056774696 1.0 1.0 1.0 0.0 84.0 45.0
Cube 255 0 0 2.9926317221640826 7.12376030595338 -0.997579056774696 1.0 1.0 1.0 0.0 84.0 45.0
Cube 255 0 0 3.689118706412409 7.870651154800738 -0.997579056774696 1.0 1.0 1.0 0.0 84.0 45.0
Cube 255 0 0 4.459861614745078 8.540647743280235 -0.997579056774696 1.0 1.0 1.0 0.0 84.0 45.0
Cube 255 0 0 5.296416026570072 9.126409448562686 -0.997579056774696 1.0 1.0 1.0 0.0 84.0 45.0
Cube 255 0 0 6.1896164766911665 9.621518542826497 -0.997579056774696 1.0 1.0 1.0 0.0 84.0 45.0
Cube 255 0 0 7.129676874062632 10.020550507226679 -0.997579056774696 1.0 1.0 1.0 0.0 84.0 45.0
Cube 255 0 0 7.566836333534944 10.337149248942463 -4.466781777259676 1.0 1.0 1.0 0.0 84.0 45.0
Cube 255 0 0 8.574155954407173 10.588302238239287 -4.466781777259676 1.0 1.0 1.0 0.0 84.0 45.0
Cube 255 0 0 12.697748741112267 10.516324658409818 -4.466781777259676 1.0 1.0 1.0 0.0 84.0 45.0
Cube 255 0 0 17.60119693961819 7.742087148441307 -4.466781777259676 1.0 1.0 1.0 0.0 84.0 45.0
Cube 255 0 0 18.282289429728305 6.958579865423142 -4.466781777259676 1.0 1.0 1.0 0.0 84.0 45.0
Cube 255 0 0 20.130639004988904 -1.378786281445019 -4.466781777259676 1.0 1.0 1.0 0.0 84.0 45.0
Cube 255 0 0 17.778195214658393 -5.965812973365113 -3.4230548623942942 1.0 1.0 1.0 0.0 84.0 45.0
Cube 255 0 0 17.0254523553393 -6.692728302925739 -3.4230548623942942 1.0 1.0 1.0 0.0 84.0 45.0
Cube 255 0 0 16.20084975783967 -7.336978459932304 -3.4230548623942942 1.0 1.0 1.0 0.0 84.0 45.0
Cube 255 0 0 15.313421940776898 -7.891504904846629 -3.4230548623942942 1.0 1.0 1.0 0.0 84.0 45.0
Cube 255 0 0 14.372891749020921 -8.350232129896119 -3.4230548623942942 1.0 1.0 1.0 0.0 84.0 45.0
Cube 255 0 0 13.389563828171232 -8.708134223608276 -3.4230548623942942 1.0 1.0 1.0 0.0 84.0 45.0
Cube 255 0 0 12.37421172470324 -8.961289935748574 -3.4230548623942942 1.0 1.0 1.0 0.0 84.0 45.0
Cube 255 0 0 11.337959848738643 -9.106925639358556 -3.4230548623942942 1.0 1.0 1.0 0.0 84.0 45.0
Cube 255 0 0 10.29216159268015 -9.143445719193247 -3.4230548623942942 1.0 1.0 1.0 0.0 84.0 45.0
Cube 255 0 0 9.769262537487462 -9.120615453397564 -3.4230548623942942 1.0 1.0 1.0 0.0 84.0 45.0
Cube 255 0 0 8.730626794211593 -8.993087019721374 -3.4230548623942942 1.0 1.0 1.0 0.0 84.0 45.0
Cube 255 0 0 7.711011157406744 -8.757690202008899 -3.4230548623942942 1.0 1.0 1.0 0.0 84.0 45.0
Cube 255 0 0 6.721586749358028 -8.417004057054946 -3.4230548623942942 1.0 1.0 1.0 0.0 84.0 45.0
Cube 255 0 0 5.773193910930414 -7.974761213556793 -3.4230548623942942 1.0 1.0 1.0 0.0 84.0 45.0
Cube 255 0 0 4.8762234325256575 -7.435806976653064 -3.4230548623942942 1.0 1.0 1.0 0.0 84.0 45.0
Cube 255 0 0 4.040502710408318 -6.80604624174671 -3.4230548623942942 1.0 1.0 1.0 0.0 84.0 45.0
Cube 255 0 0 3.2751880756957084 -6.092378799235267 -3.4230548623942942 1.0 1.0 1.0 0.0 84.0 45.0
Cube 255 0 0 2.921586043653341 -5.706489895672063 -3.4230548623942942 1.0 1.0 1.0 0.0 84.0 45.0
Cube 255 0 0 2.588664475678118 -5.302623738963397 -3.4230548623942942 1.0 1.0 1.0 0.0 84.0 45.0
Cube 255 0 0 1.9884536065816487 -4.4454337826383234 -3.4230548623942942 1.0 1.0 1.0 0.0 84.0 45.0
Cube 255 0 0 1.4811315042903157 -3.5302004828000637 -3.4230548623942942 1.0 1.0 1.0 0.0 84.0 45.0
Cube 255 0 0 1.072256495920799 -2.566951327006534 -3.4230548623942942 1.0 1.0 1.0 0.0 84.0 45.0
Cube 255 0 0 0.7663083016273919 -1.5662398745814445 -3.4230548623942942 1.0 1.0 1.0 0.0 84.0 45.0
Cube 255 0 0 0.5666389538505481 -0.5390301296099083 -3.4230548623942942 1.0 1.0 1.0 0.0 84.0 45.0
Cube 255 0 0 0.5073887072205228 -0.01899738907140358 -3.4230548623942942 1.0 1.0 1.0 0.0 84.0 45.0
Cube 255 0 0 0.4708686273858316 1.02680086698709 -3.4230548623942942 1.0 1.0 1.0 0.0 84.0 45.0
Cube 255 0 0 0.5438642929634216 2.0706875185987546 -3.4230548623942942 1.0 1.0 1.0 0.0 84.0 45.0
Cube 255 0 0 0.8566241445701799 3.607951302260499 -3.4230548623942942 1.0 1.0 1.0 0.0 84.0 45.0
Cube 255 0 0 1.1973102895241325 4.597375710309211 -3.4230548623942942 1.0 1.0 1.0 0.0 84.0 45.0
Cube 255 0 0 1.639553133022286 5.545768548736826 -3.4230548623942942 1.0 1.0 1.0 0.0 84.0 45.0
Cube 255 0 0 2.178507369926013 6.442739027141579 -3.4230548623942942 1.0 1.0 1.0 0.0 84.0 45.0
Cube 255 0 0 2.8082681048323686 7.278459749258922 -3.4230548623942942 1.0 1.0 1.0 0.0 84.0 45.0
Cube 255 0 0 3.1550815915879227 7.670461086453271 -3.4230548623942942 1.0 1.0 1.0 0.0 84.0 45.0
Cube 255 0 0 3.9078244509070172 8.3973764160139 -3.4230548623942942 1.0 1.0 1.0 0.0 84.0 45.0
Cube 255 0 0 4.311690607615677 8.730297983989118 -3.4230548623942942 1.0 1.0 1.0 0.0 84.0 45.0
Cube 255 0 0 5.168880563940755 9.33050885308559 -3.4230548623942942 1.0 1.0 1.0 0.0 84.0 45.0
Cube 255 0 0 6.08411386377901 9.837830955376921 -3.4230548623942942 1.0 1.0 1.0 0.0 84.0 45.0
Cube 255 0 0 7.047363019572544 10.24670596374644 -3.4230548623942942 1.0 1.0 1.0 0.0 84.0 45.0
Cube 255 0 0 8.048074471997634 10.552654158039845 -3.4230548623942942 1.0 1.0 1.0 0.0 84.0 45.0
Cube 255 0 0 8.559065081543073 10.665938048836733 -3.4230548623942942 1.0 1.0 1.0 0.0 84.0 45.0
Cube 255 0 0 9.595316957507672 10.811573752446716 -3.4230548623942942 1.0 1.0 1.0 0.0 84.0 45.0
Cube 255 0 0 10.64111521356617 10.848093832281407 -3.4230548623942942 1.0 1.0 1.0 0.0 84.0 45.0
Cube 255 0 0 11.164014268758853 10.825263566485724 -3.4230548623942942 1.0 1.0 1.0 0.0 84.0 45.0
Cube 255 0 0 12.202650012034727 10.697735132809534 -3.4230548623942942 1.0 1.0 1.0 0.0 84.0 45.0
Cube 255 0 0 12.715539871740281 10.59338651150134 -3.4230548623942942 1.0 1.0 1.0 0.0 84.0 45.0
Cube 255 0 0 13.222265648839578 10.462338315097059 -3.4230548623942942 1.0 1.0 1.0 0.0 84.0 45.0
Cube 255 0 0 13.72143844319967 10.304949737593983 -3.4230548623942942 1.0 1.0 1.0 0.0 84.0 45.0
Cube 255 0 0 14.691676744309285 9.912948018635952 -3.4230548623942942 1.0 1.0 1.0 0.0 84.0 45.0
Cube 255 0 0 15.160082895315906 9.67940932664495 -3.4230548623942942 1.0 1.0 1.0 0.0 84.0 45.0
Cube 255 0 0 16.057053373720656 9.140455089741227 -3.4230548623942942 1.0 1.0 1.0 0.0 84.0 45.0
Cube 255 0 0 16.892774095837996 8.510694354834872 -3.4230548623942942 1.0 1.0 1.0 0.0 84.0 45.0
Cube 255 0 0 18.011690762592977 7.411138008760224 -3.4230548623942942 1.0 1.0 1.0 0.0 84.0 45.0
Cube 255 0 0 18.655940919599544 6.586535411260591 -3.4230548623942942 1.0 1.0 1.0 0.0 84.0 45.0
Cube 255 0 0 18.94482319966467 6.150081895726486 -3.4230548623942942 1.0 1.0 1.0 0.0 84.0 45.0
Cube 255 0 0 19.452145301956 5.234848595888229 -3.4230548623942942 1.0 1.0 1.0 0.0 84.0 45.0
Cube 255 0 0 19.86102031032552 4.271599440094696 -3.4230548623942942 1.0 1.0 1.0 0.0 84.0 45.0
Cube 255 0 0 20.16696850461893 3.2708879876696084 -3.4230548623942942 1.0 1.0 1.0 0.0 84.0 45.0
Cube 255 0 0 20.366637852395773 2.243678242698069 -3.4230548623942942 1.0 1.0 1.0 0.0 84.0 45.0
Cube 255 0 0 20.462408178860485 0.6778472461010702 -3.4230548623942942 1.0 1.0 1.0 0.0 84.0 45.0
Cube 255 0 0 20.389412513282895 -0.3660394055105991 -3.4230548623942942 1.0 1.0 1.0 0.0 84.0 45.0
Cube 255 0 0 20.20770085808042 -1.3965774120730432 -3.4230548623942942 1.0 1.0 1.0 0.0 84.0 45.0
Cube 255 0 0 19.91926408417306 -2.4024759835324296 -3.4230548623942942 1.0 1.0 1.0 0.0 84.0 45.0
Cube 255 0 0 19.735966516722183 -2.892727597221051 -3.4230548623942942 1.0 1.0 1.0 0.0 84.0 45.0
Cube 255 0 0 19.52726236521503 -3.3727142846420426 -3.4230548623942942 1.0 1.0 1.0 0.0 84.0 45.0
Cube 255 0 0 19.035990554070857 -4.2966621815395145 -3.4230548623942942 1.0 1.0 1.0 0.0 84.0 45.0
Cube 255 0 0 18.754769436320302 -4.738090914053422 -3.4230548623942942 1.0 1.0 1.0 0.0 84.0 45.0
Cube 255 0 0 18.125008701413947 -5.5738116361707615 -3.4230548623942942 1.0 1.0 1.0 0.0 84.0 45.0
Cube 255 0 0 17.005479601723064 -6.669752278160418 -2.3767785519751476 1.0 1.0 1.0 0.0 84.0 45.0
Cube 255 0 0 16.183388065618246 -7.31204057899194 -2.3767785519751476 1.0 1.0 1.0 0.0 84.0 45.0
Cube 255 0 0 15.298662623904356 -7.864878392373392 -2.3767785519751476 1.0 1.0 1.0 0.0 84.0 45.0
Cube 255 0 0 14.360996513661505 -8.322208711532621 -2.3767785519751476 1.0 1.0 1.0 0.0 84.0 45.0
Cube 255 0 0 12.877837377435846 -8.818466816590464 -2.3767785519751476 1.0 1.0 1.0 0.0 84.0 45.0
Cube 255 0 0 11.853755668615047 -9.017528135733333 -2.3767785519751476 1.0 1.0 1.0 0.0 84.0 45.0
Cube 255 0 0 10.814476412760564 -9.108453288858257 -2.3767785519751476 1.0 1.0 1.0 0.0 84.0 45.0
Cube 255 0 0 9.77138617088272 -9.09024608096029 -2.3767785519751476 1.0 1.0 1.0 0.0 84.0 45.0
Cube 255 0 0 8.735913257952182 -8.96310599401926 -2.3767785519751476 1.0 1.0 1.0 0.0 84.0 45.0
Cube 255 0 0 7.71940253188966 -8.728426001433474 -2.3767785519751476 1.0 1.0 1.0 0.0 84.0 45.0
Cube 255 0 0 6.732991096928428 -8.38877730631164 -2.3767785519751476 1.0 1.0 1.0 0.0 84.0 45.0
Cube 255 0 0 5.7874862831698035 -7.947881170833577 -2.3767785519751476 1.0 1.0 1.0 0.0 84.0 45.0
Cube 255 0 0 4.893247239212911 -7.410568145323024 -2.3767785519751476 1.0 1.0 1.0 0.0 84.0 45.0
Cube 255 0 0 4.060071435154908 -6.782725143727465 -2.3767785519751476 1.0 1.0 1.0 0.0 84.0 45.0
Cube 255 0 0 3.297087319458294 -6.071230945356968 -2.3767785519751476 1.0 1.0 1.0 0.0 84.0 45.0
Cube 255 0 0 2.6126543057593237 -5.283880829538607 -2.3767785519751476 1.0 1.0 1.0 0.0 84.0 45.0
Cube 255 0 0 2.01427118538291 -4.429301168904907 -2.3767785519751476 1.0 1.0 1.0 0.0 84.0 45.0
Cube 255 0 0 1.5084939690156105 -3.5168549170500496 -2.3767785519751476 1.0 1.0 1.0 0.0 84.0 45.0
Cube 255 0 0 1.1008640576806332 -2.5565390260510195 -2.3767785519751476 1.0 1.0 1.0 0.0 84.0 45.0
Cube 255 0 0 0.7958475299886079 -1.558874917768612 -2.3767785519751476 1.0 1.0 1.0 0.0 84.0 45.0
Cube 255 0 0 0.5967862108457389 -0.5347932089478158 -2.3767785519751476 1.0 1.0 1.0 0.0 84.0 45.0
Cube 255 0 0 0.5058610577208142 0.5044860469066637 -2.3767785519751476 1.0 1.0 1.0 0.0 84.0 45.0
Cube 255 0 0 0.5240682656187818 1.5475762887845137 -2.3767785519751476 1.0 1.0 1.0 0.0 84.0 45.0
Cube 255 0 0 0.6512083525598111 2.5830492017150544 -2.3767785519751476 1.0 1.0 1.0 0.0 84.0 45.0
Cube 255 0 0 0.885888345145597 3.599559927777576 -2.3767785519751476 1.0 1.0 1.0 0.0 84.0 45.0
Cube 255 0 0 1.2255370402674313 4.585971362738803 -2.3767785519751476 1.0 1.0 1.0 0.0 84.0 45.0
Cube 255 0 0 1.6664331757454942 5.531476176497428 -2.3767785519751476 1.0 1.0 1.0 0.0 84.0 45.0
Cube 255 0 0 2.2037462012560454 6.425715220454317 -2.3767785519751476 1.0 1.0 1.0 0.0 84.0 45.0
Cube 255 0 0 2.8315892028516068 7.258891024512324 -2.3767785519751476 1.0 1.0 1.0 0.0 84.0 45.0
Cube 255 0 0 3.5430834012221037 8.021875140208937 -2.3767785519751476 1.0 1.0 1.0 0.0 84.0 45.0
Cube 255 0 0 4.33043351704046 8.706308153907905 -2.3767785519751476 1.0 1.0 1.0 0.0 84.0 45.0
Cube 255 0 0 5.185013177674165 9.304691274284322 -2.3767785519751476 1.0 1.0 1.0 0.0 84.0 45.0
Cube 255 0 0 6.097459429529017 9.810468490651619 -2.3767785519751476 1.0 1.0 1.0 0.0 84.0 45.0
Cube 255 0 0 7.057775320528052 10.218098401986598 -2.3767785519751476 1.0 1.0 1.0 0.0 84.0 45.0
Cube 255 0 0 8.055439428810459 10.523114929678622 -2.3767785519751476 1.0 1.0 1.0 0.0 84.0 45.0
Cube 255 0 0 9.079521137631259 10.722176248821492 -2.3767785519751476 1.0 1.0 1.0 0.0 84.0 45.0
Cube 255 0 0 10.118800393485737 10.813101401946417 -2.3767785519751476 1.0 1.0 1.0 0.0 84.0 45.0
Cube 255 0 0 11.161890635363582 10.79489419404845 -2.3767785519751476 1.0 1.0 1.0 0.0 84.0 45.0
Cube 255 0 0 12.197363548294122 10.66775410710742 -2.3767785519751476 1.0 1.0 1.0 0.0 84.0 45.0
Cube 255 0 0 13.213874274356648 10.433074114521634 -2.3767785519751476 1.0 1.0 1.0 0.0 84.0 45.0
Cube 255 0 0 14.200285709317875 10.0934254193998 -2.3767785519751476 1.0 1.0 1.0 0.0 84.0 45.0
Cube 255 0 0 15.145790523076503 9.652529283921735 -2.3767785519751476 1.0 1.0 1.0 0.0 84.0 45.0
Cube 255 0 0 16.040029567033386 9.115216258411188 -2.3767785519751476 1.0 1.0 1.0 0.0 84.0 45.0
Cube 255 0 0 16.87320537109139 8.487373256815626 -2.3767785519751476 1.0 1.0 1.0 0.0 84.0 45.0
Cube 255 0 0 17.63618948678801 7.775879058445127 -2.3767785519751476 1.0 1.0 1.0 0.0 84.0 45.0
Cube 255 0 0 18.320622500486973 6.988528942626771 -2.3767785519751476 1.0 1.0 1.0 0.0 84.0 45.0
Cube 255 0 0 18.919005620863388 6.133949281993067 -2.3767785519751476 1.0 1.0 1.0 0.0 84.0 45.0
Cube 255 0 0 19.424782837230687 5.221503030138213 -2.3767785519751476 1.0 1.0 1.0 0.0 84.0 45.0
Cube 255 0 0 19.832412748565666 4.26118713913918 -2.3767785519751476 1.0 1.0 1.0 0.0 84.0 45.0
Cube 255 0 0 20.13742927625769 3.263523030856774 -2.3767785519751476 1.0 1.0 1.0 0.0 84.0 45.0
Cube 255 0 0 20.336490595400562 2.239441322035975 -2.3767785519751476 1.0 1.0 1.0 0.0 84.0 45.0
Cube 255 0 0 20.427415748525483 1.2001620661814971 -2.3767785519751476 1.0 1.0 1.0 0.0 84.0 45.0
Cube 255 0 0 20.409208540627517 0.1570718243036453 -2.3767785519751476 1.0 1.0 1.0 0.0 84.0 45.0
Cube 255 0 0 20.282068453686485 -0.8784010886268911 -2.3767785519751476 1.0 1.0 1.0 0.0 84.0 45.0
Cube 255 0 0 20.047388461100702 -1.8949118146894135 -2.3767785519751476 1.0 1.0 1.0 0.0 84.0 45.0
Cube 255 0 0 19.707739765978868 -2.881323249650645 -2.3767785519751476 1.0 1.0 1.0 0.0 84.0 45.0
Cube 255 0 0 19.266843630500805 -3.82682806340927 -2.3767785519751476 1.0 1.0 1.0 0.0 84.0 45.0
Cube 255 0 0 18.729530604990252 -4.721067107366163 -2.3767785519751476 1.0 1.0 1.0 0.0 84.0 45.0
Cube 255 0 0 18.101687603394694 -5.554242911424166 -2.3767785519751476 1.0 1.0 1.0 0.0 84.0 45.0
Cube 255 0 0 16.299394549612618 -6.6132633657778745 0.010253418915985524 1.0 1.0 1.0 0.0 84.0 45.0
Cube 255 0 0 15.487075720505167 -7.1820551333485945 0.010253418915985524 1.0 1.0 1.0 0.0 84.0 45.0
Cube 255 0 0 14.619751929554432 -7.662820561212918 0.010253418915985524 1.0 1.0 1.0 0.0 84.0 45.0
Cube 255 0 0 13.706925757713234 -8.050292282736526 0.010253418915985524 1.0 1.0 1.0 0.0 84.0 45.0
Cube 255 0 0 12.75859831954142 -8.340225076654741 0.010253418915985524 1.0 1.0 1.0 0.0 84.0 45.0
Cube 255 0 0 11.785159688901887 -8.52944237860505 0.010253418915985524 1.0 1.0 1.0 0.0 84.0 45.0
Cube 255 0 0 10.797275063137036 -8.615871084231024 0.010253418915985524 1.0 1.0 1.0 0.0 84.0 45.0
Cube 255 0 0 9.805767912934913 -8.598564262547455 0.010253418915985524 1.0 1.0 1.0 0.0 84.0 45.0
Cube 255 0 0 8.821501398119333 -8.47771153071439 0.010253418915985524 1.0 1.0 1.0 0.0 84.0 45.0
Cube 255 0 0 7.855259348597626 -8.254636976551858 0.010253418915985524 1.0 1.0 1.0 0.0 84.0 45.0
Cube 255 0 0 6.91762811446349 -7.931784651556608 0.010253418915985524 1.0 1.0 1.0 0.0 84.0 45.0
Cube 255 0 0 6.018880579730067 -7.512691793362487 0.010253418915985524 1.0 1.0 1.0 0.0 84.0 45.0
Cube 255 0 0 5.1688636104628936 -7.001950071024681 0.010253418915985524 1.0 1.0 1.0 0.0 84.0 45.0
Cube 255 0 0 4.37689017045476 -6.40515527773271 0.010253418915985524 1.0 1.0 1.0 0.0 84.0 45.0
Cube 255 0 0 3.651637286445487 -5.728846022129215 0.010253418915985524 1.0 1.0 1.0 0.0 84.0 45.0
Cube 255 0 0 3.001050980801196 -4.98043208994539 0.010253418915985524 1.0 1.0 1.0 0.0 84.0 45.0
Cube 255 0 0 2.4322592132304752 -4.168113260837941 0.010253418915985524 1.0 1.0 1.0 0.0 84.0 45.0
Cube 255 0 0 1.95149378536615 -3.3007894698872002 0.010253418915985524 1.0 1.0 1.0 0.0 84.0 45.0
Cube 255 0 0 1.5640220638425415 -2.3879632980460035 0.010253418915985524 1.0 1.0 1.0 0.0 84.0 45.0
Cube 255 0 0 1.2740892699243282 -1.4396358598741923 0.010253418915985524 1.0 1.0 1.0 0.0 84.0 45.0
Cube 255 0 0 1.0848719679740189 -0.4661972292346599 0.010253418915985524 1.0 1.0 1.0 0.0 84.0 45.0
Cube 255 0 0 0.9984432623480455 0.5216873965301865 0.010253418915985524 1.0 1.0 1.0 0.0 84.0 45.0
Cube 255 0 0 1.0157500840316143 1.513194546732314 0.010253418915985524 1.0 1.0 1.0 0.0 84.0 45.0
Cube 255 0 0 1.1366028158646788 2.4974610615478983 0.010253418915985524 1.0 1.0 1.0 0.0 84.0 45.0
Cube 255 0 0 1.359677370027212 3.463703111069605 0.010253418915985524 1.0 1.0 1.0 0.0 84.0 45.0
Cube 255 0 0 1.6825296950224615 4.401334345203736 0.010253418915985524 1.0 1.0 1.0 0.0 84.0 45.0
Cube 255 0 0 2.1016225532165826 5.300081879937159 0.010253418915985524 1.0 1.0 1.0 0.0 84.0 45.0
Cube 255 0 0 2.6123642755543868 6.150098849204331 0.010253418915985524 1.0 1.0 1.0 0.0 84.0 45.0
Cube 255 0 0 3.2091590688463594 6.942072289212467 0.010253418915985524 1.0 1.0 1.0 0.0 84.0 45.0
Cube 255 0 0 3.885468324449855 7.66732517322174 0.010253418915985524 1.0 1.0 1.0 0.0 84.0 45.0
Cube 255 0 0 4.633882256633675 8.317911478866028 0.010253418915985524 1.0 1.0 1.0 0.0 84.0 45.0
Cube 255 0 0 5.446201085741128 8.886703246436753 0.010253418915985524 1.0 1.0 1.0 0.0 84.0 45.0
Cube 255 0 0 6.313524876691866 9.367468674301076 0.010253418915985524 1.0 1.0 1.0 0.0 84.0 45.0
Cube 255 0 0 7.226351048533066 9.754940395824686 0.010253418915985524 1.0 1.0 1.0 0.0 84.0 45.0
Cube 255 0 0 8.174678486704877 10.044873189742898 0.010253418915985524 1.0 1.0 1.0 0.0 84.0 45.0
Cube 255 0 0 9.148117117344412 10.234090491693209 0.010253418915985524 1.0 1.0 1.0 0.0 84.0 45.0
Cube 255 0 0 10.136001743109258 10.320519197319182 0.010253418915985524 1.0 1.0 1.0 0.0 84.0 45.0
Cube 255 0 0 11.127508893311381 10.303212375635614 0.010253418915985524 1.0 1.0 1.0 0.0 84.0 45.0
Cube 255 0 0 12.111775408126965 10.182359643802549 0.010253418915985524 1.0 1.0 1.0 0.0 84.0 45.0
Cube 255 0 0 13.078017457648674 9.959285089640016 0.010253418915985524 1.0 1.0 1.0 0.0 84.0 45.0
Cube 255 0 0 14.015648691782806 9.636432764644766 0.010253418915985524 1.0 1.0 1.0 0.0 84.0 45.0
Cube 255 0 0 14.914396226516232 9.217339906450643 0.010253418915985524 1.0 1.0 1.0 0.0 84.0 45.0
Cube 255 0 0 15.7644131957834 8.706598184112842 0.010253418915985524 1.0 1.0 1.0 0.0 84.0 45.0
Cube 255 0 0 16.556386635791537 8.109803390820868 0.010253418915985524 1.0 1.0 1.0 0.0 84.0 45.0
Cube 255 0 0 17.281639519800812 7.433494135217371 0.010253418915985524 1.0 1.0 1.0 0.0 84.0 45.0
Cube 255 0 0 17.932225825445098 6.685080203033552 0.010253418915985524 1.0 1.0 1.0 0.0 84.0 45.0
Cube 255 0 0 18.50101759301582 5.8727613739260995 0.010253418915985524 1.0 1.0 1.0 0.0 84.0 45.0
Cube 255 0 0 18.981783020880144 5.005437582975361 0.010253418915985524 1.0 1.0 1.0 0.0 84.0 45.0
Cube 255 0 0 19.369254742403754 4.092611411134161 0.010253418915985524 1.0 1.0 1.0 0.0 84.0 45.0
Cube 255 0 0 19.659187536321966 3.1442839729623517 0.010253418915985524 1.0 1.0 1.0 0.0 84.0 45.0
Cube 255 0 0 19.848404838272277 2.1708453423228162 0.010253418915985524 1.0 1.0 1.0 0.0 84.0 45.0
Cube 255 0 0 19.93483354389825 1.1829607165579716 0.010253418915985524 1.0 1.0 1.0 0.0 84.0 45.0
Cube 255 0 0 19.91752672221468 0.1914535663558422 0.010253418915985524 1.0 1.0 1.0 0.0 84.0 45.0
Cube 255 0 0 19.796673990381617 -0.792812948459738 0.010253418915985524 1.0 1.0 1.0 0.0 84.0 45.0
Cube 255 0 0 19.573599436219084 -1.7590549979814458 0.010253418915985524 1.0 1.0 1.0 0.0 84.0 45.0
Cube 255 0 0 19.250747111223834 -2.696686232115581 0.010253418915985524 1.0 1.0 1.0 0.0 84.0 45.0
Cube 255 0 0 18.83165425302971 -3.5954337668490046 0.010253418915985524 1.0 1.0 1.0 0.0 84.0 45.0
Cube 255 0 0 18.320912530691906 -4.445450736116178 0.010253418915985524 1.0 1.0 1.0 0.0 84.0 45.0
Cube 255 0 0 17.724117737399933 -5.237424176124311 0.010253418915985524 1.0 1.0 1.0 0.0 84.0 45.0
Cube 255 0 0 17.047808481796437 -5.962677060133584 0.010253418915985524 1.0 1.0 1.0 0.0 84.0 45.0
Cube 255 0 0 15.679020743989614 -6.591729393942168 0.9830192461644485 1.0 1.0 1.0 0.0 84.0 45.0
Cube 255 0 0 14.450341148663249 -7.315476986346785 0.9830192461644485 1.0 1.0 1.0 0.0 84.0 45.0
Cube 255 0 0 13.574750316912166 -7.687143243729142 0.9830192461644485 1.0 1.0 1.0 0.0 84.0 45.0
Cube 255 0 0 12.665106360619372 -7.965249310371289 0.9830192461644485 1.0 1.0 1.0 0.0 84.0 45.0
Cube 255 0 0 11.731375529325259 -8.146748198009655 0.9830192461644485 1.0 1.0 1.0 0.0 84.0 45.0
Cube 255 0 0 10.78378797341321 -8.229651366850197 0.9830192461644485 1.0 1.0 1.0 0.0 84.0 45.0
Cube 255 0 0 9.832725660441255 -8.213050512426491 0.9830192461644485 1.0 1.0 1.0 0.0 84.0 45.0
Cube 255 0 0 8.888608628132895 -8.097127517173554 0.9830192461644485 1.0 1.0 1.0 0.0 84.0 45.0
Cube 255 0 0 7.961780820263287 -7.883152457685828 0.9830192461644485 1.0 1.0 1.0 0.0 84.0 45.0
Cube 255 0 0 7.062396756246631 -7.573469689492214 0.9830192461644485 1.0 1.0 1.0 0.0 84.0 45.0
Cube 255 0 0 6.200310276096526 -7.171472161806333 0.9830192461644485 1.0 1.0 1.0 0.0 84.0 45.0
Cube 255 0 0 5.384966579692674 -6.681564243664893 0.9830192461644485 1.0 1.0 1.0 0.0 84.0 45.0
Cube 255 0 0 4.625298743194527 -6.109113468738888 0.9830192461644485 1.0 1.0 1.0 0.0 84.0 45.0
Cube 255 0 0 3.929629846389468 -5.460391727511426 0.9830192461644485 1.0 1.0 1.0 0.0 84.0 45.0
Cube 255 0 0 3.3055817832889627 -4.742506551133141 0.9830192461644485 1.0 1.0 1.0 0.0 84.0 45.0
Cube 255 0 0 2.759991755062802 -3.963323239823576 0.9830192461644485 1.0 1.0 1.0 0.0 84.0 45.0
Cube 255 0 0 2.2988373602322802 -3.1313786889960205 0.9830192461644485 1.0 1.0 1.0 0.0 84.0 45.0
Cube 255 0 0 1.9271711028499254 -2.2557878572449384 0.9830192461644485 1.0 1.0 1.0 0.0 84.0 45.0
Cube 255 0 0 1.6490650362077783 -1.3461439009521476 0.9830192461644485 1.0 1.0 1.0 0.0 84.0 45.0
Cube 255 0 0 1.4675661485694107 -0.41241306965803526 0.9830192461644485 1.0 1.0 1.0 0.0 84.0 45.0
Cube 255 0 0 1.3846629797288692 0.5351744862540102 0.9830192461644485 1.0 1.0 1.0 0.0 84.0 45.0
Cube 255 0 0 1.4012638341525747 1.486236799225968 0.9830192461644485 1.0 1.0 1.0 0.0 84.0 45.0
Cube 255 0 0 1.517186829405512 2.430353831534333 0.9830192461644485 1.0 1.0 1.0 0.0 84.0 45.0
Cube 255 0 0 1.7311618888932383 3.3571816394039407 0.9830192461644485 1.0 1.0 1.0 0.0 84.0 45.0
Cube 255 0 0 2.0408446570868524 4.256565703420592 0.9830192461644485 1.0 1.0 1.0 0.0 84.0 45.0
Cube 255 0 0 2.442842184772733 5.118652183570697 0.9830192461644485 1.0 1.0 1.0 0.0 84.0 45.0
Cube 255 0 0 2.932750102914171 5.933995879974547 0.9830192461644485 1.0 1.0 1.0 0.0 84.0 45.0
Cube 255 0 0 3.5052008778401778 6.693663716472697 0.9830192461644485 1.0 1.0 1.0 0.0 84.0 45.0
Cube 255 0 0 4.15392261906764 7.389332613277756 0.9830192461644485 1.0 1.0 1.0 0.0 84.0 45.0
Cube 255 0 0 4.871807795445922 8.013380676378258 0.9830192461644485 1.0 1.0 1.0 0.0 84.0 45.0
Cube 255 0 0 5.65099110675549 8.558970704604423 0.9830192461644485 1.0 1.0 1.0 0.0 84.0 45.0
Cube 255 0 0 6.482935657583042 9.020125099434942 0.9830192461644485 1.0 1.0 1.0 0.0 84.0 45.0
Cube 255 0 0 7.358526489334127 9.391791356817299 0.9830192461644485 1.0 1.0 1.0 0.0 84.0 45.0
Cube 255 0 0 8.268170445626918 9.669897423459444 0.9830192461644485 1.0 1.0 1.0 0.0 84.0 45.0
Cube 255 0 0 9.201901276921035 9.851396311097814 0.9830192461644485 1.0 1.0 1.0 0.0 84.0 45.0
Cube 255 0 0 10.149488832833077 9.934299479938355 0.9830192461644485 1.0 1.0 1.0 0.0 84.0 45.0
Cube 255 0 0 11.100551145805031 9.91769862551465 0.9830192461644485 1.0 1.0 1.0 0.0 84.0 45.0
Cube 255 0 0 12.044668178113398 9.801775630261712 0.9830192461644485 1.0 1.0 1.0 0.0 84.0 45.0
Cube 255 0 0 12.971495985983006 9.587800570773986 0.9830192461644485 1.0 1.0 1.0 0.0 84.0 45.0
Cube 255 0 0 13.870880049999657 9.278117802580372 0.9830192461644485 1.0 1.0 1.0 0.0 84.0 45.0
Cube 255 0 0 14.732966530149765 8.87612027489449 0.9830192461644485 1.0 1.0 1.0 0.0 84.0 45.0
Cube 255 0 0 15.54831022655361 8.386212356753056 0.9830192461644485 1.0 1.0 1.0 0.0 84.0 45.0
Cube 255 0 0 16.307978063051763 7.813761581827047 0.9830192461644485 1.0 1.0 1.0 0.0 84.0 45.0
Cube 255 0 0 17.003646959856823 7.165039840599583 0.9830192461644485 1.0 1.0 1.0 0.0 84.0 45.0
Cube 255 0 0 17.627695022957326 6.447154664221302 0.9830192461644485 1.0 1.0 1.0 0.0 84.0 45.0
Cube 255 0 0 18.173285051183488 5.667971352911735 0.9830192461644485 1.0 1.0 1.0 0.0 84.0 45.0
Cube 255 0 0 18.634439446014007 4.836026802084183 0.9830192461644485 1.0 1.0 1.0 0.0 84.0 45.0
Cube 255 0 0 19.006105703396365 3.9604359703330974 0.9830192461644485 1.0 1.0 1.0 0.0 84.0 45.0
Cube 255 0 0 19.28421177003851 3.0507920140403084 0.9830192461644485 1.0 1.0 1.0 0.0 84.0 45.0
Cube 255 0 0 19.46571065767688 2.117061182746193 0.9830192461644485 1.0 1.0 1.0 0.0 84.0 45.0
Cube 255 0 0 19.548613826517418 1.169473626834149 0.9830192461644485 1.0 1.0 1.0 0.0 84.0 45.0
Cube 255 0 0 19.53201297209371 0.2184113138621896 0.9830192461644485 1.0 1.0 1.0 0.0 84.0 45.0
Cube 255 0 0 19.416089976840773 -0.7257057184461717 0.9830192461644485 1.0 1.0 1.0 0.0 84.0 45.0
Cube 255 0 0 19.20211491735305 -1.6525335263157794 0.9830192461644485 1.0 1.0 1.0 0.0 84.0 45.0
Cube 255 0 0 18.89243214915944 -2.551917590332435 0.9830192461644485 1.0 1.0 1.0 0.0 84.0 45.0
Cube 255 0 0 18.490434621473558 -3.4140040704825405 0.9830192461644485 1.0 1.0 1.0 0.0 84.0 45.0
Cube 255 0 0 18.000526703332117 -4.229347766886393 0.9830192461644485 1.0 1.0 1.0 0.0 84.0 45.0
Cube 255 0 0 17.428075928406113 -4.989015603384539 0.9830192461644485 1.0 1.0 1.0 0.0 84.0 45.0
Cube 255 0 0 16.779354187178647 -5.684684500189598 0.9830192461644485 1.0 1.0 1.0 0.0 84.0 45.0
Cube 255 0 0 16.061469010800366 -6.308732563290104 0.9830192461644485 1.0 1.0 1.0 0.0 84.0 45.0
Cube 255 0 0 15.2822856994908 -6.854322591516264 0.9830192461644485 1.0 1.0 1.0 0.0 84.0 45.0
Cube 255 0 0 13.827508875385577 -7.0653905967625725 1.9100605990030237 1.0 1.0 1.0 0.0 84.0 45.0
Cube 255 0 0 12.98147112998292 -7.373323153154827 1.9100605990030237 1.0 1.0 1.0 0.0 84.0 45.0
Cube 255 0 0 12.107880350962198 -7.591133797390281 1.9100605990030237 1.0 1.0 1.0 0.0 84.0 45.0
Cube 255 0 0 11.216307781709002 -7.71643615047088 1.9100605990030237 1.0 1.0 1.0 0.0 84.0 45.0
Cube 255 0 0 10.316521677865616 -7.747857373595073 1.9100605990030237 1.0 1.0 1.0 0.0 84.0 45.0
Cube 255 0 0 9.418380284278086 -7.6850532092669965 1.9100605990030237 1.0 1.0 1.0 0.0 84.0 45.0
Cube 255 0 0 8.531723826002747 -7.528711753053644 1.9100605990030237 1.0 1.0 1.0 0.0 84.0 45.0
Cube 255 0 0 7.6662666967412445 -7.2805459146658436 1.9100605990030237 1.0 1.0 1.0 0.0 84.0 45.0
Cube 255 0 0 6.831491025910315 -6.943274650961012 1.9100605990030237 1.0 1.0 1.0 0.0 84.0 45.0
Cube 255 0 0 6.036542790447616 -6.520593176482846 1.9100605990030237 1.0 1.0 1.0 0.0 84.0 45.0
Cube 255 0 0 5.290131609574504 -6.017132477917518 1.9100605990030237 1.0 1.0 1.0 0.0 84.0 45.0
Cube 255 0 0 4.600435320385196 -5.438408576034431 1.9100605990030237 1.0 1.0 1.0 0.0 84.0 45.0
Cube 255 0 0 3.9750103797522813 -4.79076209100838 1.9100605990030237 1.0 1.0 1.0 0.0 84.0 45.0
Cube 255 0 0 3.420709074203911 -4.081288773258047 1.9100605990030237 1.0 1.0 1.0 0.0 84.0 45.0
Cube 255 0 0 2.943604444838691 -3.3177617609195496 1.9100605990030237 1.0 1.0 1.0 0.0 84.0 45.0
Cube 255 0 0 2.5489237498164954 -2.508546415718354 1.9100605990030237 1.0 1.0 1.0 0.0 84.0 45.0
Cube 255 0 0 2.2409911934242395 -1.6625086703156957 1.9100605990030237 1.0 1.0 1.0 0.0 84.0 45.0
Cube 255 0 0 2.023180549188785 -0.7889178912949781 1.9100605990030237 1.0 1.0 1.0 0.0 84.0 45.0
Cube 255 0 0 1.897878196108186 0.10265467795822236 1.9100605990030237 1.0 1.0 1.0 0.0 84.0 45.0
Cube 255 0 0 1.8664569729839933 1.0024407818016086 1.9100605990030237 1.0 1.0 1.0 0.0 84.0 45.0
Cube 255 0 0 1.9292611373120696 1.9005821753891325 1.9100605990030237 1.0 1.0 1.0 0.0 84.0 45.0
Cube 255 0 0 2.0856025935254223 2.7872386336644763 1.9100605990030237 1.0 1.0 1.0 0.0 84.0 45.0
Cube 255 0 0 2.3337684319132226 3.652695762925979 1.9100605990030237 1.0 1.0 1.0 0.0 84.0 45.0
Cube 255 0 0 2.671039695618056 4.4874714337569115 1.9100605990030237 1.0 1.0 1.0 0.0 84.0 45.0
Cube 255 0 0 3.09372117009622 5.282419669219607 1.9100605990030237 1.0 1.0 1.0 0.0 84.0 45.0
Cube 255 0 0 3.5971818686615507 6.028830850092723 1.9100605990030237 1.0 1.0 1.0 0.0 84.0 45.0
Cube 255 0 0 4.175905770544635 6.7185271392820285 1.9100605990030237 1.0 1.0 1.0 0.0 84.0 45.0
Cube 255 0 0 4.823552255570688 7.343952079914945 1.9100605990030237 1.0 1.0 1.0 0.0 84.0 45.0
Cube 255 0 0 5.533025573321019 7.898253385463313 1.9100605990030237 1.0 1.0 1.0 0.0 84.0 45.0
Cube 255 0 0 6.296552585659519 8.375358014828535 1.9100605990030237 1.0 1.0 1.0 0.0 84.0 45.0
Cube 255 0 0 7.105767930860711 8.77003870985073 1.9100605990030237 1.0 1.0 1.0 0.0 84.0 45.0
Cube 255 0 0 7.951805676263371 9.077971266242987 1.9100605990030237 1.0 1.0 1.0 0.0 84.0 45.0
Cube 255 0 0 8.825396455284087 9.295781910478441 1.9100605990030237 1.0 1.0 1.0 0.0 84.0 45.0
Cube 255 0 0 9.716969024537287 9.42108426355904 1.9100605990030237 1.0 1.0 1.0 0.0 84.0 45.0
Cube 255 0 0 10.616755128380676 9.452505486683233 1.9100605990030237 1.0 1.0 1.0 0.0 84.0 45.0
Cube 255 0 0 11.514896521968199 9.389701322355156 1.9100605990030237 1.0 1.0 1.0 0.0 84.0 45.0
Cube 255 0 0 12.401552980243542 9.233359866141804 1.9100605990030237 1.0 1.0 1.0 0.0 84.0 45.0
Cube 255 0 0 13.267010109505048 8.985194027754002 1.9100605990030237 1.0 1.0 1.0 0.0 84.0 45.0
Cube 255 0 0 14.101785780335977 8.64792276404917 1.9100605990030237 1.0 1.0 1.0 0.0 84.0 45.0
Cube 255 0 0 14.896734015798673 8.225241289571006 1.9100605990030237 1.0 1.0 1.0 0.0 84.0 45.0
Cube 255 0 0 15.643145196671785 7.721780591005678 1.9100605990030237 1.0 1.0 1.0 0.0 84.0 45.0
Cube 255 0 0 16.332841485861096 7.143056689122591 1.9100605990030237 1.0 1.0 1.0 0.0 84.0 45.0
Cube 255 0 0 16.958266426494014 6.495410204096539 1.9100605990030237 1.0 1.0 1.0 0.0 84.0 45.0
Cube 255 0 0 17.512567732042378 5.7859368863462075 1.9100605990030237 1.0 1.0 1.0 0.0 84.0 45.0
Cube 255 0 0 17.989672361407603 5.022409874007707 1.9100605990030237 1.0 1.0 1.0 0.0 84.0 45.0
Cube 255 0 0 18.3843530564298 4.213194528806515 1.9100605990030237 1.0 1.0 1.0 0.0 84.0 45.0
Cube 255 0 0 18.692285612822054 3.367156783403855 1.9100605990030237 1.0 1.0 1.0 0.0 84.0 45.0
Cube 255 0 0 18.91009625705751 2.4935660043831387 1.9100605990030237 1.0 1.0 1.0 0.0 84.0 45.0
Cube 255 0 0 19.03539861013811 1.6019934351299396 1.9100605990030237 1.0 1.0 1.0 0.0 84.0 45.0
Cube 255 0 0 19.0668198332623 0.7022073312865506 1.9100605990030237 1.0 1.0 1.0 0.0 84.0 45.0
Cube 255 0 0 19.004015668934223 -0.19593406230097754 1.9100605990030237 1.0 1.0 1.0 0.0 84.0 45.0
Cube 255 0 0 18.847674212720868 -1.0825905205763178 1.9100605990030237 1.0 1.0 1.0 0.0 84.0 45.0
Cube 255 0 0 18.59950837433307 -1.94804764983782 1.9100605990030237 1.0 1.0 1.0 0.0 84.0 45.0
Cube 255 0 0 18.262237110628238 -2.782823320668749 1.9100605990030237 1.0 1.0 1.0 0.0 84.0 45.0
Cube 255 0 0 17.83955563615007 -3.5777715561314483 1.9100605990030237 1.0 1.0 1.0 0.0 84.0 45.0
Cube 255 0 0 17.336094937584743 -4.324182737004559 1.9100605990030237 1.0 1.0 1.0 0.0 84.0 45.0
Cube 255 0 0 16.757371035701652 -5.01387902619387 1.9100605990030237 1.0 1.0 1.0 0.0 84.0 45.0
Cube 255 0 0 16.1097245506756 -5.639303966826784 1.9100605990030237 1.0 1.0 1.0 0.0 84.0 45.0
Cube 255 0 0 15.400251232925271 -6.193605272375149 1.9100605990030237 1.0 1.0 1.0 0.0 84.0 45.0
Cube 255 0 0 14.636724220586775 -6.670709901740373 1.9100605990030237 1.0 1.0 1.0 0.0 84.0 45.0
Cube 255 0 0 13.210061296632379 -6.685168395387397 2.7812206183741326 1.0 1.0 1.0 0.0 84.0 45.0
Cube 255 0 0 12.407150036080722 -6.930643002226686 2.7812206183741326 1.0 1.0 1.0 0.0 84.0 45.0
Cube 255 0 0 11.582978124000224 -7.0908457932795175 2.7812206183741326 1.0 1.0 1.0 0.0 84.0 45.0
Cube 255 0 0 10.746575360328682 -7.16402155324253 2.7812206183741326 1.0 1.0 1.0 0.0 84.0 45.0
Cube 255 0 0 9.907105548773432 -7.149368553176553 2.7812206183741326 1.0 1.0 1.0 0.0 84.0 45.0
Cube 255 0 0 9.073766096260211 -7.047047334416651 2.7812206183741326 1.0 1.0 1.0 0.0 84.0 45.0
Cube 255 0 0 8.255687244218253 -6.858178949647646 2.7812206183741326 1.0 1.0 1.0 0.0 84.0 45.0
Cube 255 0 0 7.461832035744522 -6.5848326804163175 2.7812206183741326 1.0 1.0 1.0 0.0 84.0 45.0
Cube 255 0 0 6.7008981146279565 -6.230003365649752 2.7812206183741326 1.0 1.0 1.0 0.0 84.0 45.0
Cube 255 0 0 5.981222432143955 -5.797578589573332 2.7812206183741326 1.0 1.0 1.0 0.0 84.0 45.0
Cube 255 0 0 5.310689905671643 -5.292296088524462 2.7812206183741326 1.0 1.0 1.0 0.0 84.0 45.0
Cube 255 0 0 4.696647029888997 -4.71969184332179 2.7812206183741326 1.0 1.0 1.0 0.0 84.0 45.0
Cube 255 0 0 4.14582138703982 -4.086039425900894 2.7812206183741326 1.0 1.0 1.0 0.0 84.0 45.0
Cube 255 0 0 3.664247938134853 -3.3982812647473395 2.7812206183741326 1.0 1.0 1.0 0.0 84.0 45.0
Cube 255 0 0 3.257202902656015 -2.6639525821973646 2.7812206183741326 1.0 1.0 1.0 0.0 84.0 45.0
Cube 255 0 0 2.929145951191666 -1.89109883696515 2.7812206183741326 1.0 1.0 1.0 0.0 84.0 45.0
Cube 255 0 0 2.683671344352377 -1.088187576413496 2.7812206183741326 1.0 1.0 1.0 0.0 84.0 45.0
Cube 255 0 0 2.523468553299546 -0.26401566433299695 2.7812206183741326 1.0 1.0 1.0 0.0 84.0 45.0
Cube 255 0 0 2.4502927933365335 0.5723870993385402 2.7812206183741326 1.0 1.0 1.0 0.0 84.0 45.0
Cube 255 0 0 2.46494579340251 1.4118569108937955 2.7812206183741326 1.0 1.0 1.0 0.0 84.0 45.0
Cube 255 0 0 2.5672670121624126 2.2451963634070182 2.7812206183741326 1.0 1.0 1.0 0.0 84.0 45.0
Cube 255 0 0 2.756135396931417 3.0632752154489773 2.7812206183741326 1.0 1.0 1.0 0.0 84.0 45.0
Cube 255 0 0 3.029481666162746 3.8571304239227038 2.7812206183741326 1.0 1.0 1.0 0.0 84.0 45.0
Cube 255 0 0 3.3843109809293113 4.61806434503927 2.7812206183741326 1.0 1.0 1.0 0.0 84.0 45.0
Cube 255 0 0 3.8167357570057305 5.33774002752327 2.7812206183741326 1.0 1.0 1.0 0.0 84.0 45.0
Cube 255 0 0 4.322018258054602 6.008272553995585 2.7812206183741326 1.0 1.0 1.0 0.0 84.0 45.0
Cube 255 0 0 4.894622503257273 6.622315429778231 2.7812206183741326 1.0 1.0 1.0 0.0 84.0 45.0
Cube 255 0 0 5.528274920678166 7.173141072627406 2.7812206183741326 1.0 1.0 1.0 0.0 84.0 45.0
Cube 255 0 0 6.216033081831724 7.654714521532375 2.7812206183741326 1.0 1.0 1.0 0.0 84.0 45.0
Cube 255 0 0 6.950361764381695 8.06175955701121 2.7812206183741326 1.0 1.0 1.0 0.0 84.0 45.0
Cube 255 0 0 7.7232155096139135 8.389816508475562 2.7812206183741326 1.0 1.0 1.0 0.0 84.0 45.0
Cube 255 0 0 8.526126770165567 8.63529111531485 2.7812206183741326 1.0 1.0 1.0 0.0 84.0 45.0
Cube 255 0 0 9.35029868224607 8.795493906367682 2.7812206183741326 1.0 1.0 1.0 0.0 84.0 45.0
Cube 255 0 0 10.186701445917604 8.868669666330694 2.7812206183741326 1.0 1.0 1.0 0.0 84.0 45.0
Cube 255 0 0 11.026171257472857 8.854016666264718 2.7812206183741326 1.0 1.0 1.0 0.0 84.0 45.0
Cube 255 0 0 11.859510709986079 8.751695447504815 2.7812206183741326 1.0 1.0 1.0 0.0 84.0 45.0
Cube 255 0 0 12.67758956202804 8.56282706273581 2.7812206183741326 1.0 1.0 1.0 0.0 84.0 45.0
Cube 255 0 0 13.471444770501767 8.289480793504481 2.7812206183741326 1.0 1.0 1.0 0.0 84.0 45.0
Cube 255 0 0 14.232378691618335 7.934651478737914 2.7812206183741326 1.0 1.0 1.0 0.0 84.0 45.0
Cube 255 0 0 14.952054374102332 7.502226702661498 2.7812206183741326 1.0 1.0 1.0 0.0 84.0 45.0
Cube 255 0 0 15.622586900574646 6.996944201612626 2.7812206183741326 1.0 1.0 1.0 0.0 84.0 45.0
Cube 255 0 0 16.236629776357294 6.424339956409953 2.7812206183741326 1.0 1.0 1.0 0.0 84.0 45.0
Cube 255 0 0 16.787455419206466 5.790687538989061 2.7812206183741326 1.0 1.0 1.0 0.0 84.0 45.0
Cube 255 0 0 17.269028868111434 5.102929377835504 2.7812206183741326 1.0 1.0 1.0 0.0 84.0 45.0
Cube 255 0 0 17.67607390359027 4.368600695285531 2.7812206183741326 1.0 1.0 1.0 0.0 84.0 45.0
Cube 255 0 0 18.00413085505462 3.595746950053314 2.7812206183741326 1.0 1.0 1.0 0.0 84.0 45.0
Cube 255 0 0 18.249605461893907 2.7928356895016617 2.7812206183741326 1.0 1.0 1.0 0.0 84.0 45.0
Cube 255 0 0 18.40980825294674 1.9686637774211602 2.7812206183741326 1.0 1.0 1.0 0.0 84.0 45.0
Cube 255 0 0 18.482984012909753 1.1322610137496247 2.7812206183741326 1.0 1.0 1.0 0.0 84.0 45.0
Cube 255 0 0 18.468331012843777 0.29279120219436794 2.7812206183741326 1.0 1.0 1.0 0.0 84.0 45.0
Cube 255 0 0 18.366009794083872 -0.540548250318851 2.7812206183741326 1.0 1.0 1.0 0.0 84.0 45.0
Cube 255 0 0 18.177141409314867 -1.3586271023608107 2.7812206183741326 1.0 1.0 1.0 0.0 84.0 45.0
Cube 255 0 0 17.90379514008354 -2.152482310834541 2.7812206183741326 1.0 1.0 1.0 0.0 84.0 45.0
Cube 255 0 0 17.548965825316973 -2.913416231951107 2.7812206183741326 1.0 1.0 1.0 0.0 84.0 45.0
Cube 255 0 0 17.116541049240553 -3.6330919144351084 2.7812206183741326 1.0 1.0 1.0 0.0 84.0 45.0
Cube 255 0 0 16.61125854819168 -4.303624440907421 2.7812206183741326 1.0 1.0 1.0 0.0 84.0 45.0
Cube 255 0 0 16.03865430298901 -4.917667316690066 2.7812206183741326 1.0 1.0 1.0 0.0 84.0 45.0
Cube 255 0 0 15.405001885568113 -5.468492959539243 2.7812206183741326 1.0 1.0 1.0 0.0 84.0 45.0
Cube 255 0 0 14.717243724414558 -5.95006640844421 2.7812206183741326 1.0 1.0 1.0 0.0 84.0 45.0
Cube 255 0 0 13.982915041864587 -6.357111443923046 2.7812206183741326 1.0 1.0 1.0 0.0 84.0 45.0
Cube 255 0 0 12.616473884967506 -6.179470958556682 3.5869546928035945 1.0 1.0 1.0 0.0 84.0 45.0
Cube 255 0 0 11.86967413431533 -6.365669048910576 3.5869546928035945 1.0 1.0 1.0 0.0 84.0 45.0
Cube 255 0 0 11.107502430588118 -6.472785296338941 3.5869546928035945 1.0 1.0 1.0 0.0 84.0 45.0
Cube 255 0 0 10.338309286466579 -6.499646112819442 3.5869546928035945 1.0 1.0 1.0 0.0 84.0 45.0
Cube 255 0 0 9.570522143001718 -6.44595720562573 3.5869546928035945 1.0 1.0 1.0 0.0 84.0 45.0
Cube 255 0 0 8.812553036807135 -6.312306801660145 3.5869546928035945 1.0 1.0 1.0 0.0 84.0 45.0
Cube 255 0 0 8.072706436025527 -6.1001592027166796 3.5869546928035945 1.0 1.0 1.0 0.0 84.0 45.0
Cube 255 0 0 7.359088254837911 -5.811838742284097 3.5869546928035945 1.0 1.0 1.0 0.0 84.0 45.0
Cube 255 0 0 6.679517043371576 -5.450504319661832 3.5869546928035945 1.0 1.0 1.0 0.0 84.0 45.0
Cube 255 0 0 6.04143832602878 -5.020114790398224 3.5869546928035945 1.0 1.0 1.0 0.0 84.0 45.0
Cube 255 0 0 5.451843026763278 -4.525385592240682 3.5869546928035945 1.0 1.0 1.0 0.0 84.0 45.0
Cube 255 0 0 4.917190875054573 -3.9717370818129636 3.5869546928035945 1.0 1.0 1.0 0.0 84.0 45.0
Cube 255 0 0 4.4433396317599385 -3.36523514805371 3.5869546928035945 1.0 1.0 1.0 0.0 84.0 45.0
Cube 255 0 0 4.035480910260666 -2.7125247530678847 3.5869546928035945 1.0 1.0 1.0 0.0 84.0 45.0
Cube 255 0 0 3.6980832960594157 -2.020757128531371 3.5869546928035945 1.0 1.0 1.0 0.0 84.0 45.0
Cube 255 0 0 3.434843388022373 -1.2975114253002857 3.5869546928035945 1.0 1.0 1.0 0.0 84.0 45.0
Cube 255 0 0 3.2486452976684816 -0.5507116746481135 3.5869546928035945 1.0 1.0 1.0 0.0 84.0 45.0
Cube 255 0 0 3.1415290502401145 0.21146002907910255 3.5869546928035945 1.0 1.0 1.0 0.0 84.0 45.0
Cube 255 0 0 3.1146682337596134 0.9806531732006412 3.5869546928035945 1.0 1.0 1.0 0.0 84.0 45.0
Cube 255 0 0 3.1683571409533258 1.7484403166654998 3.5869546928035945 1.0 1.0 1.0 0.0 84.0 45.0
Cube 255 0 0 3.3020075449189106 2.5064094228600853 3.5869546928035945 1.0 1.0 1.0 0.0 84.0 45.0
Cube 255 0 0 3.514155143862376 3.2462560236416933 3.5869546928035945 1.0 1.0 1.0 0.0 84.0 45.0
Cube 255 0 0 3.8024756042949592 3.9598742048293127 3.5869546928035945 1.0 1.0 1.0 0.0 84.0 45.0
Cube 255 0 0 4.163810026917224 4.6394454162956436 3.5869546928035945 1.0 1.0 1.0 0.0 84.0 45.0
Cube 255 0 0 4.594199556180834 5.277524133638442 3.5869546928035945 1.0 1.0 1.0 0.0 84.0 45.0
Cube 255 0 0 5.088928754338373 5.867119432903943 3.5869546928035945 1.0 1.0 1.0 0.0 84.0 45.0
Cube 255 0 0 5.642577264766093 6.401771584612649 3.5869546928035945 1.0 1.0 1.0 0.0 84.0 45.0
Cube 255 0 0 6.2490791985253455 6.875622827907282 3.5869546928035945 1.0 1.0 1.0 0.0 84.0 45.0
Cube 255 0 0 6.901789593511173 7.283481549406556 3.5869546928035945 1.0 1.0 1.0 0.0 84.0 45.0
Cube 255 0 0 7.593557218047684 7.620879163607805 3.5869546928035945 1.0 1.0 1.0 0.0 84.0 45.0
Cube 255 0 0 8.316802921278772 7.884119071644849 3.5869546928035945 1.0 1.0 1.0 0.0 84.0 45.0
Cube 255 0 0 9.06360267193094 8.070317161998739 3.5869546928035945 1.0 1.0 1.0 0.0 84.0 45.0
Cube 255 0 0 9.825774375658156 8.177433409427106 3.5869546928035945 1.0 1.0 1.0 0.0 84.0 45.0
Cube 255 0 0 10.594967519779697 8.204294225907608 3.5869546928035945 1.0 1.0 1.0 0.0 84.0 45.0
Cube 255 0 0 11.362754663244555 8.150605318713897 3.5869546928035945 1.0 1.0 1.0 0.0 84.0 45.0
Cube 255 0 0 12.12072376943914 8.016954914748311 3.5869546928035945 1.0 1.0 1.0 0.0 84.0 45.0
Cube 255 0 0 12.86057037022075 7.804807315804845 3.5869546928035945 1.0 1.0 1.0 0.0 84.0 45.0
Cube 255 0 0 13.574188551408367 7.516486855372262 3.5869546928035945 1.0 1.0 1.0 0.0 84.0 45.0
Cube 255 0 0 14.253759762874699 7.155152432749998 3.5869546928035945 1.0 1.0 1.0 0.0 84.0 45.0
Cube 255 0 0 14.891838480217496 6.72476290348639 3.5869546928035945 1.0 1.0 1.0 0.0 84.0 45.0
Cube 255 0 0 15.481433779482998 6.230033705328848 3.5869546928035945 1.0 1.0 1.0 0.0 84.0 45.0
Cube 255 0 0 16.016085931191704 5.67638519490113 3.5869546928035945 1.0 1.0 1.0 0.0 84.0 45.0
Cube 255 0 0 16.489937174486336 5.069883261141877 3.5869546928035945 1.0 1.0 1.0 0.0 84.0 45.0
Cube 255 0 0 16.89779589598561 4.417172866156049 3.5869546928035945 1.0 1.0 1.0 0.0 84.0 45.0
Cube 255 0 0 17.235193510186857 3.725405241619538 3.5869546928035945 1.0 1.0 1.0 0.0 84.0 45.0
Cube 255 0 0 17.4984334182239 3.002159538388451 3.5869546928035945 1.0 1.0 1.0 0.0 84.0 45.0
Cube 255 0 0 17.68463150857779 2.25535978773628 3.5869546928035945 1.0 1.0 1.0 0.0 84.0 45.0
Cube 255 0 0 17.79174775600616 1.493188084009065 3.5869546928035945 1.0 1.0 1.0 0.0 84.0 45.0
Cube 255 0 0 17.818608572486664 0.7239949398875237 3.5869546928035945 1.0 1.0 1.0 0.0 84.0 45.0
Cube 255 0 0 17.76491966529295 -0.04379220357733815 3.5869546928035945 1.0 1.0 1.0 0.0 84.0 45.0
Cube 255 0 0 17.631269261327365 -0.8017613097719203 3.5869546928035945 1.0 1.0 1.0 0.0 84.0 45.0
Cube 255 0 0 17.4191216623839 -1.5416079105535279 3.5869546928035945 1.0 1.0 1.0 0.0 84.0 45.0
Cube 255 0 0 17.130801201951318 -2.255226091741144 3.5869546928035945 1.0 1.0 1.0 0.0 84.0 45.0
Cube 255 0 0 16.76946677932905 -2.9347973032074783 3.5869546928035945 1.0 1.0 1.0 0.0 84.0 45.0
Cube 255 0 0 16.339077250065444 -3.5728760205502743 3.5869546928035945 1.0 1.0 1.0 0.0 84.0 45.0
Cube 255 0 0 15.844348051907902 -4.162471319815779 3.5869546928035945 1.0 1.0 1.0 0.0 84.0 45.0
Cube 255 0 0 15.290699541480185 -4.697123471524483 3.5869546928035945 1.0 1.0 1.0 0.0 84.0 45.0
Cube 255 0 0 14.684197607720936 -5.170974714819113 3.5869546928035945 1.0 1.0 1.0 0.0 84.0 45.0
Cube 255 0 0 14.031487212735108 -5.578833436318389 3.5869546928035945 1.0 1.0 1.0 0.0 84.0 45.0
Cube 255 0 0 13.339719588198594 -5.916231050519641 3.5869546928035945 1.0 1.0 1.0 0.0 84.0 45.0
Cube 255 0 0 12.064384041573902 -5.555883686794293 4.318435031161263 1.0 1.0 1.0 0.0 84.0 45.0
Cube 255 0 0 11.38579131608055 -5.687788750554297 4.318435031161263 1.0 1.0 1.0 0.0 84.0 45.0
Cube 255 0 0 10.697128158927715 -5.748038969793142 4.318435031161263 1.0 1.0 1.0 0.0 84.0 45.0
Cube 255 0 0 10.005939707777209 -5.735974230500675 4.318435031161263 1.0 1.0 1.0 0.0 84.0 45.0
Cube 255 0 0 9.319798767940314 -5.651726716485295 4.318435031161263 1.0 1.0 1.0 0.0 84.0 45.0
Cube 255 0 0 8.646222843138103 -5.496219461140481 4.318435031161263 1.0 1.0 1.0 0.0 84.0 45.0
Cube 255 0 0 7.992591772157531 -5.271156234497773 4.318435031161263 1.0 1.0 1.0 0.0 84.0 45.0
Cube 255 0 0 7.366066873793365 -4.97900287636578 4.318435031161263 1.0 1.0 1.0 0.0 84.0 45.0
Cube 255 0 0 6.773512485940835 -4.622960280073212 4.318435031161263 1.0 1.0 1.0 0.0 84.0 45.0
Cube 255 0 0 6.2214207584732435 -4.20692932281176 4.318435031161263 1.0 1.0 1.0 0.0 84.0 45.0
Cube 255 0 0 5.715840523889341 -3.735468126809252 4.318435031161263 1.0 1.0 1.0 0.0 84.0 45.0
Cube 255 0 0 5.26231102503869 -3.2137421195886855 4.318435031161263 1.0 1.0 1.0 0.0 84.0 45.0
Cube 255 0 0 4.8658012260178545 -2.6474674404633634 4.318435031161263 1.0 1.0 1.0 0.0 84.0 45.0
Cube 255 0 0 4.530655371159912 -2.04284831331837 4.318435031161263 1.0 1.0 1.0 0.0 84.0 45.0
Cube 255 0 0 4.260545388584468 -1.4065090718353987 4.318435031161263 1.0 1.0 1.0 0.0 84.0 45.0
Cube 255 0 0 4.058430659784765 -0.7454215819066781 4.318435031161263 1.0 1.0 1.0 0.0 84.0 45.0
Cube 255 0 0 3.926525596024761 -0.06682885641332392 4.318435031161263 1.0 1.0 1.0 0.0 84.0 45.0
Cube 255 0 0 3.866275376785916 0.6218343007395073 4.318435031161263 1.0 1.0 1.0 0.0 84.0 45.0
Cube 255 0 0 3.878340116078383 1.3130227518900157 4.318435031161263 1.0 1.0 1.0 0.0 84.0 45.0
Cube 255 0 0 3.962587630093763 1.9991636917269142 4.318435031161263 1.0 1.0 1.0 0.0 84.0 45.0
Cube 255 0 0 4.118094885438577 2.6727396165291237 4.318435031161263 1.0 1.0 1.0 0.0 84.0 45.0
Cube 255 0 0 4.343158112081285 3.326370687509694 4.318435031161263 1.0 1.0 1.0 0.0 84.0 45.0
Cube 255 0 0 4.635311470213278 3.9528955858738604 4.318435031161263 1.0 1.0 1.0 0.0 84.0 45.0
Cube 255 0 0 4.991354066505845 4.545449973726387 4.318435031161263 1.0 1.0 1.0 0.0 84.0 45.0
Cube 255 0 0 5.407385023767298 5.097541701193981 4.318435031161263 1.0 1.0 1.0 0.0 84.0 45.0
Cube 255 0 0 5.878846219769806 5.603121935777883 4.318435031161263 1.0 1.0 1.0 0.0 84.0 45.0
Cube 255 0 0 6.40057222699037 6.056651434628533 4.318435031161263 1.0 1.0 1.0 0.0 84.0 45.0
Cube 255 0 0 6.966846906115695 6.45316123364937 4.318435031161263 1.0 1.0 1.0 0.0 84.0 45.0
Cube 255 0 0 7.571466033260686 6.7883070885073105 4.318435031161263 1.0 1.0 1.0 0.0 84.0 45.0
Cube 255 0 0 8.20780527474366 7.058417071082756 4.318435031161263 1.0 1.0 1.0 0.0 84.0 45.0
Cube 255 0 0 8.86889276467238 7.2605317998824574 4.318435031161263 1.0 1.0 1.0 0.0 84.0 45.0
Cube 255 0 0 9.547485490165737 7.392436863642463 4.318435031161263 1.0 1.0 1.0 0.0 84.0 45.0
Cube 255 0 0 10.236148647318567 7.452687082881308 4.318435031161263 1.0 1.0 1.0 0.0 84.0 45.0
Cube 255 0 0 10.927337098469073 7.440622343588841 4.318435031161263 1.0 1.0 1.0 0.0 84.0 45.0
Cube 255 0 0 11.61347803830597 7.356374829573461 4.318435031161263 1.0 1.0 1.0 0.0 84.0 45.0
Cube 255 0 0 12.287053963108182 7.200867574228647 4.318435031161263 1.0 1.0 1.0 0.0 84.0 45.0
Cube 255 0 0 12.940685034088752 6.975804347585939 4.318435031161263 1.0 1.0 1.0 0.0 84.0 45.0
Cube 255 0 0 13.567209932452919 6.6836509894539455 4.318435031161263 1.0 1.0 1.0 0.0 84.0 45.0
Cube 255 0 0 14.159764320305445 6.3276083931613805 4.318435031161263 1.0 1.0 1.0 0.0 84.0 45.0
Cube 255 0 0 14.711856047773038 5.911577435899927 4.318435031161263 1.0 1.0 1.0 0.0 84.0 45.0
Cube 255 0 0 15.217436282356942 5.440116239897418 4.318435031161263 1.0 1.0 1.0 0.0 84.0 45.0
Cube 255 0 0 15.670965781207592 4.918390232676854 4.318435031161263 1.0 1.0 1.0 0.0 84.0 45.0
Cube 255 0 0 16.06747558022843 4.3521155535515295 4.318435031161263 1.0 1.0 1.0 0.0 84.0 45.0
Cube 255 0 0 16.40262143508637 3.747496426406538 4.318435031161263 1.0 1.0 1.0 0.0 84.0 45.0
Cube 255 0 0 16.672731417661815 3.111157184923565 4.318435031161263 1.0 1.0 1.0 0.0 84.0 45.0
Cube 255 0 0 16.874846146461515 2.450069694994845 4.318435031161263 1.0 1.0 1.0 0.0 84.0 45.0
Cube 255 0 0 17.00675121022152 1.7714769695014887 4.318435031161263 1.0 1.0 1.0 0.0 84.0 45.0
Cube 255 0 0 17.067001429460362 1.0828138123486586 4.318435031161263 1.0 1.0 1.0 0.0 84.0 45.0
Cube 255 0 0 17.054936690167896 0.39162536119814906 4.318435031161263 1.0 1.0 1.0 0.0 84.0 45.0
Cube 255 0 0 16.97068917615252 -0.29451557863874633 4.318435031161263 1.0 1.0 1.0 0.0 84.0 45.0
Cube 255 0 0 16.815181920807703 -0.9680915034409563 4.318435031161263 1.0 1.0 1.0 0.0 84.0 45.0
Cube 255 0 0 16.590118694164993 -1.6217225744215293 4.318435031161263 1.0 1.0 1.0 0.0 84.0 45.0
Cube 255 0 0 16.297965336033002 -2.248247472785696 4.318435031161263 1.0 1.0 1.0 0.0 84.0 45.0
Cube 255 0 0 15.94192273974043 -2.840801860638225 4.318435031161263 1.0 1.0 1.0 0.0 84.0 45.0
Cube 255 0 0 15.525891782478977 -3.3928935881058164 4.318435031161263 1.0 1.0 1.0 0.0 84.0 45.0
Cube 255 0 0 15.054430586476471 -3.898473822689719 4.318435031161263 1.0 1.0 1.0 0.0 84.0 45.0
Cube 255 0 0 14.532704579255903 -4.352003321540371 4.318435031161263 1.0 1.0 1.0 0.0 84.0 45.0
Cube 255 0 0 13.966429900130581 -4.7485131205612054 4.318435031161263 1.0 1.0 1.0 0.0 84.0 45.0
Cube 255 0 0 13.36181077298559 -5.083658975419146 4.318435031161263 1.0 1.0 1.0 0.0 84.0 45.0
Cube 255 0 0 12.725471531502619 -5.353768957994591 4.318435031161263 1.0 1.0 1.0 0.0 84.0 45.0
Cube 255 0 0 11.570148523702969 -4.824743365948806 4.967647381787993 1.0 1.0 1.0 0.0 84.0 45.0
Cube 255 0 0 10.970688246260226 -4.9089920137115355 4.967647381787993 1.0 1.0 1.0 0.0 84.0 45.0
Cube 255 0 0 10.365705493256861 -4.930118476975649 4.967647381787993 1.0 1.0 1.0 0.0 84.0 45.0
Cube 255 0 0 9.761828582335555 -4.8878912897886275 4.967647381787993 1.0 1.0 1.0 0.0 84.0 45.0
Cube 255 0 0 9.16567371530174 -4.782773102049898 4.967647381787993 1.0 1.0 1.0 0.0 84.0 45.0
Cube 255 0 0 8.58377248963206 -4.615915610621722 4.967647381787993 1.0 1.0 1.0 0.0 84.0 45.0
Cube 255 0 0 8.02250033692561 -4.389146941097361 4.967647381787993 1.0 1.0 1.0 0.0 84.0 45.0
Cube 255 0 0 7.488006672341189 -4.1049516184745185 4.967647381787993 1.0 1.0 1.0 0.0 84.0 45.0
Cube 255 0 0 6.9861475203179815 -3.766443346179546 4.967647381787993 1.0 1.0 1.0 0.0 84.0 45.0
Cube 255 0 0 6.522421354746326 -3.377330891681116 4.967647381787993 1.0 1.0 1.0 0.0 84.0 45.0
Cube 255 0 0 6.101908856537169 -2.941877452457731 4.967647381787993 1.0 1.0 1.0 0.0 84.0 45.0
Cube 255 0 0 5.729217248618783 -2.464853947514009 4.967647381787993 1.0 1.0 1.0 0.0 84.0 45.0
Cube 255 0 0 5.408429818238261 -1.9514867461937073 4.967647381787993 1.0 1.0 1.0 0.0 84.0 45.0
Cube 255 0 0 5.143061179611931 -1.4074004069834731 4.967647381787993 1.0 1.0 1.0 0.0 84.0 45.0
Cube 255 0 0 4.936018767076544 -0.8385560536730907 4.967647381787993 1.0 1.0 1.0 0.0 84.0 45.0
Cube 255 0 0 4.7895709806302476 -0.2511860640357557 4.967647381787993 1.0 1.0 1.0 0.0 84.0 45.0
Cube 255 0 0 4.705322332867517 0.3482742134069906 4.967647381787993 1.0 1.0 1.0 0.0 84.0 45.0
Cube 255 0 0 4.684195869603403 0.9532569664103552 4.967647381787993 1.0 1.0 1.0 0.0 84.0 45.0
Cube 255 0 0 4.726423056790425 1.5571338773316583 4.967647381787993 1.0 1.0 1.0 0.0 84.0 45.0
Cube 255 0 0 4.831541244529155 2.153288744365476 4.967647381787993 1.0 1.0 1.0 0.0 84.0 45.0
Cube 255 0 0 4.9983987359573305 2.7351899700351563 4.967647381787993 1.0 1.0 1.0 0.0 84.0 45.0
Cube 255 0 0 5.225167405481693 3.2964621227416075 4.967647381787993 1.0 1.0 1.0 0.0 84.0 45.0
Cube 255 0 0 5.509362728104534 3.830955787326027 4.967647381787993 1.0 1.0 1.0 0.0 84.0 45.0
Cube 255 0 0 5.8478710003995085 4.332814939349237 4.967647381787993 1.0 1.0 1.0 0.0 84.0 45.0
Cube 255 0 0 6.236983454897937 4.79654110492089 4.967647381787993 1.0 1.0 1.0 0.0 84.0 45.0
Cube 255 0 0 6.672436894121322 5.217053603130048 4.967647381787993 1.0 1.0 1.0 0.0 84.0 45.0
Cube 255 0 0 7.149460399065044 5.589745211048434 4.967647381787993 1.0 1.0 1.0 0.0 84.0 45.0
Cube 255 0 0 7.662827600385347 5.910532641428956 4.967647381787993 1.0 1.0 1.0 0.0 84.0 45.0
Cube 255 0 0 8.20691393959558 6.175901280055285 4.967647381787993 1.0 1.0 1.0 0.0 84.0 45.0
Cube 255 0 0 8.775758292905962 6.382943692590673 4.967647381787993 1.0 1.0 1.0 0.0 84.0 45.0
Cube 255 0 0 9.363128282543297 6.529391479036969 4.967647381787993 1.0 1.0 1.0 0.0 84.0 45.0
Cube 255 0 0 9.962588559986042 6.613640126799699 4.967647381787993 1.0 1.0 1.0 0.0 84.0 45.0
Cube 255 0 0 10.56757131298941 6.634766590063813 4.967647381787993 1.0 1.0 1.0 0.0 84.0 45.0
Cube 255 0 0 11.17144822391071 6.592539402876791 4.967647381787993 1.0 1.0 1.0 0.0 84.0 45.0
Cube 255 0 0 11.767603090944528 6.4874212151380615 4.967647381787993 1.0 1.0 1.0 0.0 84.0 45.0
Cube 255 0 0 12.34950431661421 6.320563723709885 4.967647381787993 1.0 1.0 1.0 0.0 84.0 45.0
Cube 255 0 0 12.910776469320659 6.093795054185524 4.967647381787993 1.0 1.0 1.0 0.0 84.0 45.0
Cube 255 0 0 13.44527013390508 5.809599731562682 4.967647381787993 1.0 1.0 1.0 0.0 84.0 45.0
Cube 255 0 0 13.947129285928288 5.47109145926771 4.967647381787993 1.0 1.0 1.0 0.0 84.0 45.0
Cube 255 0 0 14.410855451499941 5.08197900476928 4.967647381787993 1.0 1.0 1.0 0.0 84.0 45.0
Cube 255 0 0 14.8313679497091 4.646525565545894 4.967647381787993 1.0 1.0 1.0 0.0 84.0 45.0
Cube 255 0 0 15.204059557627485 4.1695020606021735 4.967647381787993 1.0 1.0 1.0 0.0 84.0 45.0
Cube 255 0 0 15.524846988008008 3.656134859281869 4.967647381787993 1.0 1.0 1.0 0.0 84.0 45.0
Cube 255 0 0 15.790215626634339 3.1120485200716375 4.967647381787993 1.0 1.0 1.0 0.0 84.0 45.0
Cube 255 0 0 15.997258039169726 2.543204166761254 4.967647381787993 1.0 1.0 1.0 0.0 84.0 45.0
Cube 255 0 0 16.14370582561602 1.95583417712392 4.967647381787993 1.0 1.0 1.0 0.0 84.0 45.0
Cube 255 0 0 16.22795447337875 1.3563738996811745 4.967647381787993 1.0 1.0 1.0 0.0 84.0 45.0
Cube 255 0 0 16.249080936642866 0.7513911466778078 4.967647381787993 1.0 1.0 1.0 0.0 84.0 45.0
Cube 255 0 0 16.206853749455846 0.14751423575650213 4.967647381787993 1.0 1.0 1.0 0.0 84.0 45.0
Cube 255 0 0 16.101735561717117 -0.4486406312773128 4.967647381787993 1.0 1.0 1.0 0.0 84.0 45.0
Cube 255 0 0 15.934878070288942 -1.0305418569469929 4.967647381787993 1.0 1.0 1.0 0.0 84.0 45.0
Cube 255 0 0 15.708109400764581 -1.591814009653442 4.967647381787993 1.0 1.0 1.0 0.0 84.0 45.0
Cube 255 0 0 15.423914078141738 -2.1263076742378635 4.967647381787993 1.0 1.0 1.0 0.0 84.0 45.0
Cube 255 0 0 15.085405805846765 -2.628166826261071 4.967647381787993 1.0 1.0 1.0 0.0 84.0 45.0
Cube 255 0 0 14.696293351348334 -3.091892991832728 4.967647381787993 1.0 1.0 1.0 0.0 84.0 45.0
Cube 255 0 0 14.260839912124949 -3.512405490041884 4.967647381787993 1.0 1.0 1.0 0.0 84.0 45.0
Cube 255 0 0 13.78381640718123 -3.885097097960268 4.967647381787993 1.0 1.0 1.0 0.0 84.0 45.0
Cube 255 0 0 13.270449205860928 -4.205884528340791 4.967647381787993 1.0 1.0 1.0 0.0 84.0 45.0
Cube 255 0 0 12.726362866650692 -4.471253166967122 4.967647381787993 1.0 1.0 1.0 0.0 84.0 45.0
Cube 255 0 0 11.65178889583259 -3.9010549429856036 5.527478838313897 1.0 1.0 1.0 0.0 84.0 45.0
Cube 255 0 0 11.148433115279612 -3.9988973952157485 5.527478838313897 1.0 1.0 1.0 0.0 84.0 45.0
Cube 255 0 0 10.637607449185529 -4.043588850037059 5.527478838313897 1.0 1.0 1.0 0.0 84.0 45.0
Cube 255 0 0 10.124908610445216 -4.034639658518225 5.527478838313897 1.0 1.0 1.0 0.0 84.0 45.0
Cube 255 0 0 9.615953834825039 -3.9721478698742647 5.527478838313897 1.0 1.0 1.0 0.0 84.0 45.0
Cube 255 0 0 9.116319337352326 -3.856798157218811 5.527478838313897 1.0 1.0 1.0 0.0 84.0 45.0
Cube 255 0 0 8.631479218136626 -3.689854316142192 5.527478838313897 1.0 1.0 1.0 0.0 84.0 45.0
Cube 255 0 0 8.166745486983391 -3.473145418302492 5.527478838313897 1.0 1.0 1.0 0.0 84.0 45.0
Cube 255 0 0 7.727209863902913 -3.209045771733691 5.527478838313897 1.0 1.0 1.0 0.0 84.0 45.0
Cube 255 0 0 7.125598558624585 -2.7305025316418954 5.527478838313897 1.0 1.0 1.0 0.0 84.0 45.0
Cube 255 0 0 6.769393767053947 -2.3616416720530475 5.527478838313897 1.0 1.0 1.0 0.0 84.0 45.0
Cube 255 0 0 6.4536967614142595 -1.9575679313761203 5.527478838313897 1.0 1.0 1.0 0.0 84.0 45.0
Cube 255 0 0 6.181966384163165 -1.522708426071842 5.527478838313897 1.0 1.0 1.0 0.0 84.0 45.0
Cube 255 0 0 5.957179770177056 -1.0618275678805198 5.527478838313897 1.0 1.0 1.0 0.0 84.0 45.0
Cube 255 0 0 5.781799728638393 -0.5799748639300262 5.527478838313897 1.0 1.0 1.0 0.0 84.0 45.0
Cube 255 0 0 5.657747759982902 -0.08242959327899801 5.527478838313897 1.0 1.0 1.0 0.0 84.0 45.0
Cube 255 0 0 5.586383003538718 0.42535703396926866 5.527478838313897 1.0 1.0 1.0 0.0 84.0 45.0
Cube 255 0 0 5.56848734651148 0.9378216012654563 5.527478838313897 1.0 1.0 1.0 0.0 84.0 45.0
Cube 255 0 0 5.604256857464484 1.4493494395701674 5.527478838313897 1.0 1.0 1.0 0.0 84.0 45.0
Cube 255 0 0 5.693299638150478 1.9543361428428514 5.527478838313897 1.0 1.0 1.0 0.0 84.0 45.0
Cube 255 0 0 5.834640117230865 2.4472489710871894 5.527478838313897 1.0 1.0 1.0 0.0 84.0 45.0
Cube 255 0 0 6.026729738839447 2.9226874682082995 5.527478838313897 1.0 1.0 1.0 0.0 84.0 45.0
Cube 255 0 0 6.267463928884539 3.375442630539819 5.527478838313897 1.0 1.0 1.0 0.0 84.0 45.0
Cube 255 0 0 6.554205153203142 3.8005539777781356 5.527478838313897 1.0 1.0 1.0 0.0 84.0 45.0
Cube 255 0 0 6.88381181493716 4.193363901042636 5.527478838313897 1.0 1.0 1.0 0.0 84.0 45.0
Cube 255 0 0 7.252672674526009 4.549568692613276 5.527478838313897 1.0 1.0 1.0 0.0 84.0 45.0
Cube 255 0 0 7.656746415202935 4.865265698252962 5.527478838313897 1.0 1.0 1.0 0.0 84.0 45.0
Cube 255 0 0 8.091605920507215 5.136996075504057 5.527478838313897 1.0 1.0 1.0 0.0 84.0 45.0
Cube 255 0 0 8.552486778698535 5.361782689490165 5.527478838313897 1.0 1.0 1.0 0.0 84.0 45.0
Cube 255 0 0 9.03433948264903 5.53716273102883 5.527478838313897 1.0 1.0 1.0 0.0 84.0 45.0
Cube 255 0 0 9.531884753300057 5.66121469968432 5.527478838313897 1.0 1.0 1.0 0.0 84.0 45.0
Cube 255 0 0 10.039671380548322 5.732579456128503 5.527478838313897 1.0 1.0 1.0 0.0 84.0 45.0
Cube 255 0 0 10.552135947844512 5.7504751131557414 5.527478838313897 1.0 1.0 1.0 0.0 84.0 45.0
Cube 255 0 0 11.063663786149222 5.714705602202738 5.527478838313897 1.0 1.0 1.0 0.0 84.0 45.0
Cube 255 0 0 11.568650489421906 5.625662821516744 5.527478838313897 1.0 1.0 1.0 0.0 84.0 45.0
Cube 255 0 0 12.061563317666245 5.484322342436355 5.527478838313897 1.0 1.0 1.0 0.0 84.0 45.0
Cube 255 0 0 12.537001814787354 5.292232720827775 5.527478838313897 1.0 1.0 1.0 0.0 84.0 45.0
Cube 255 0 0 12.989756977118875 5.051498530782682 5.527478838313897 1.0 1.0 1.0 0.0 84.0 45.0
Cube 255 0 0 13.41486832435719 4.76475730646408 5.527478838313897 1.0 1.0 1.0 0.0 84.0 45.0
Cube 255 0 0 13.807678247621691 4.4351506447300615 5.527478838313897 1.0 1.0 1.0 0.0 84.0 45.0
Cube 255 0 0 14.16388303919233 4.066289785141214 5.527478838313897 1.0 1.0 1.0 0.0 84.0 45.0
Cube 255 0 0 14.479580044832016 3.6622160444642873 5.527478838313897 1.0 1.0 1.0 0.0 84.0 45.0
Cube 255 0 0 14.751310422083112 3.227356539160007 5.527478838313897 1.0 1.0 1.0 0.0 84.0 45.0
Cube 255 0 0 14.97609703606922 2.766475680968687 5.527478838313897 1.0 1.0 1.0 0.0 84.0 45.0
Cube 255 0 0 15.151477077607884 2.2846229770181923 5.527478838313897 1.0 1.0 1.0 0.0 84.0 45.0
Cube 255 0 0 15.275529046263374 1.7870777063671648 5.527478838313897 1.0 1.0 1.0 0.0 84.0 45.0
Cube 255 0 0 15.346893802707559 1.2792910791188987 5.527478838313897 1.0 1.0 1.0 0.0 84.0 45.0
Cube 255 0 0 15.364789459734796 0.7668265118227094 5.527478838313897 1.0 1.0 1.0 0.0 84.0 45.0
Cube 255 0 0 15.329019948781792 0.2552986735179962 5.527478838313897 1.0 1.0 1.0 0.0 84.0 45.0
Cube 255 0 0 15.239977168095798 -0.24968802975468574 5.527478838313897 1.0 1.0 1.0 0.0 84.0 45.0
Cube 255 0 0 15.098636689015411 -0.7426008579990231 5.527478838313897 1.0 1.0 1.0 0.0 84.0 45.0
Cube 255 0 0 14.90654706740683 -1.2180393551201314 5.527478838313897 1.0 1.0 1.0 0.0 84.0 45.0
Cube 255 0 0 14.665812877361738 -1.6707945174516532 5.527478838313897 1.0 1.0 1.0 0.0 84.0 45.0
Cube 255 0 0 14.379071653043134 -2.0959058646899678 5.527478838313897 1.0 1.0 1.0 0.0 84.0 45.0
Cube 255 0 0 14.049464991309115 -2.488715787954471 5.527478838313897 1.0 1.0 1.0 0.0 84.0 45.0
Cube 255 0 0 13.680604131720266 -2.844920579525109 5.527478838313897 1.0 1.0 1.0 0.0 84.0 45.0
Cube 255 0 0 13.276530391043341 -3.1606175851647933 5.527478838313897 1.0 1.0 1.0 0.0 84.0 45.0
Cube 255 0 0 12.841670885739063 -3.4323479624158892 5.527478838313897 1.0 1.0 1.0 0.0 84.0 45.0
Cube 255 0 0 11.821310986614238 -2.8696082773519684 5.9917957701490145 1.0 1.0 1.0 0.0 84.0 45.0
Cube 255 0 0 10.81184466508775 -3.093401572952192 5.9917957701490145 1.0 1.0 1.0 0.0 84.0 45.0
Cube 255 0 0 11.222394225592222 -3.0357025950321943 5.9917957701490145 1.0 1.0 1.0 0.0 84.0 45.0
Cube 255 0 0 9.98393859289057 -3.0789504187075245 5.9917957701490145 1.0 1.0 1.0 0.0 84.0 45.0
Cube 255 0 0 9.575652793375339 -3.0069586164128617 5.9917957701490145 1.0 1.0 1.0 0.0 84.0 45.0
Cube 255 0 0 9.17712881865123 -2.892683705546464 5.9917957701490145 1.0 1.0 1.0 0.0 84.0 45.0
Cube 255 0 0 8.792732980781823 -2.7373777059453444 5.9917957701490145 1.0 1.0 1.0 0.0 84.0 45.0
Cube 255 0 0 8.426676801006813 -2.542742182641003 5.9917957701490145 1.0 1.0 1.0 0.0 84.0 45.0
Cube 255 0 0 8.082970867434005 -2.310909603156865 5.9917957701490145 1.0 1.0 1.0 0.0 84.0 45.0
Cube 255 0 0 7.765380894196704 -2.0444199737478437 5.9917957701490145 1.0 1.0 1.0 0.0 84.0 45.0
Cube 255 0 0 7.477386463501676 -1.7461930105602854 5.9917957701490145 1.0 1.0 1.0 0.0 84.0 45.0
Cube 255 0 0 7.222142902598323 -1.4194961506108754 5.9917957701490145 1.0 1.0 1.0 0.0 84.0 45.0
Cube 255 0 0 7.0024467133530575 -1.0679087530629365 5.9917957701490145 1.0 1.0 1.0 0.0 84.0 45.0
Cube 255 0 0 6.820704933189624 -0.6952828830183906 5.9917957701490145 1.0 1.0 1.0 0.0 84.0 45.0
Cube 255 0 0 6.678908763083413 -0.3057011074864282 5.9917957701490145 1.0 1.0 1.0 0.0 84.0 45.0
Cube 255 0 0 6.578611751546861 0.0965682340749986 5.9917957701490145 1.0 1.0 1.0 0.0 84.0 45.0
Cube 255 0 0 6.520912773626863 0.50711779457947 5.9917957701490145 1.0 1.0 1.0 0.0 84.0 45.0
Cube 255 0 0 6.506443991399797 0.9214495071290786 5.9917957701490145 1.0 1.0 1.0 0.0 84.0 45.0
Cube 255 0 0 6.53536392787153 1.3350238667766492 5.9917957701490145 1.0 1.0 1.0 0.0 84.0 45.0
Cube 255 0 0 6.6073557301661925 1.7433096662918826 5.9917957701490145 1.0 1.0 1.0 0.0 84.0 45.0
Cube 255 0 0 6.721630641032591 2.1418336410159915 5.9917957701490145 1.0 1.0 1.0 0.0 84.0 45.0
Cube 255 0 0 6.87693664063371 2.526229478885399 5.9917957701490145 1.0 1.0 1.0 0.0 84.0 45.0
Cube 255 0 0 7.071572163938052 2.8922856586604064 5.9917957701490145 1.0 1.0 1.0 0.0 84.0 45.0
Cube 255 0 0 7.303404743422191 3.235991592233218 5.9917957701490145 1.0 1.0 1.0 0.0 84.0 45.0
Cube 255 0 0 7.569894372831211 3.5535815654705174 5.9917957701490145 1.0 1.0 1.0 0.0 84.0 45.0
Cube 255 0 0 7.86812133601877 3.8415759961655453 5.9917957701490145 1.0 1.0 1.0 0.0 84.0 45.0
Cube 255 0 0 8.194818195968178 4.096819557068898 5.9917957701490145 1.0 1.0 1.0 0.0 84.0 45.0
Cube 255 0 0 8.54640559351612 4.316515746314165 5.9917957701490145 1.0 1.0 1.0 0.0 84.0 45.0
Cube 255 0 0 8.919031463560664 4.498257526477597 5.9917957701490145 1.0 1.0 1.0 0.0 84.0 45.0
Cube 255 0 0 9.308613239092626 4.640053696583809 5.9917957701490145 1.0 1.0 1.0 0.0 84.0 45.0
Cube 255 0 0 9.710882580654053 4.740350708120361 5.9917957701490145 1.0 1.0 1.0 0.0 84.0 45.0
Cube 255 0 0 10.121432141158524 4.798049686040359 5.9917957701490145 1.0 1.0 1.0 0.0 84.0 45.0
Cube 255 0 0 10.535763853708135 4.812518468267426 5.9917957701490145 1.0 1.0 1.0 0.0 84.0 45.0
Cube 255 0 0 10.949338213355704 4.7835985317956915 5.9917957701490145 1.0 1.0 1.0 0.0 84.0 45.0
Cube 255 0 0 11.357624012870938 4.711606729501028 5.9917957701490145 1.0 1.0 1.0 0.0 84.0 45.0
Cube 255 0 0 11.756147987595046 4.59733181863463 5.9917957701490145 1.0 1.0 1.0 0.0 84.0 45.0
Cube 255 0 0 12.140543825464453 4.4420258190335105 5.9917957701490145 1.0 1.0 1.0 0.0 84.0 45.0
Cube 255 0 0 12.506600005239461 4.24739029572917 5.9917957701490145 1.0 1.0 1.0 0.0 84.0 45.0
Cube 255 0 0 12.850305938812271 4.015557716245032 5.9917957701490145 1.0 1.0 1.0 0.0 84.0 45.0
Cube 255 0 0 13.167895912049572 3.749068086836011 5.9917957701490145 1.0 1.0 1.0 0.0 84.0 45.0
Cube 255 0 0 13.455890342744599 3.4508411236484524 5.9917957701490145 1.0 1.0 1.0 0.0 84.0 45.0
Cube 255 0 0 13.711133903647951 3.1241442636990433 5.9917957701490145 1.0 1.0 1.0 0.0 84.0 45.0
Cube 255 0 0 13.93083009289322 2.7725568661511026 5.9917957701490145 1.0 1.0 1.0 0.0 84.0 45.0
Cube 255 0 0 14.112571873056652 2.399930996106558 5.9917957701490145 1.0 1.0 1.0 0.0 84.0 45.0
Cube 255 0 0 14.254368043162863 2.0103492205745948 5.9917957701490145 1.0 1.0 1.0 0.0 84.0 45.0
Cube 255 0 0 14.354665054699415 1.6080798790131685 5.9917957701490145 1.0 1.0 1.0 0.0 84.0 45.0
Cube 255 0 0 14.412364032619413 1.1975303185086976 5.9917957701490145 1.0 1.0 1.0 0.0 84.0 45.0
Cube 255 0 0 14.42683281484648 0.7831986059590877 5.9917957701490145 1.0 1.0 1.0 0.0 84.0 45.0
Cube 255 0 0 14.397912878374747 0.36962424631151536 5.9917957701490145 1.0 1.0 1.0 0.0 84.0 45.0
Cube 255 0 0 14.325921076080084 -0.03866155320371634 5.9917957701490145 1.0 1.0 1.0 0.0 84.0 45.0
Cube 255 0 0 14.211646165213686 -0.4371855279278254 5.9917957701490145 1.0 1.0 1.0 0.0 84.0 45.0
Cube 255 0 0 14.056340165612566 -0.8215813657972317 5.9917957701490145 1.0 1.0 1.0 0.0 84.0 45.0
Cube 255 0 0 13.861704642308224 -1.1876375455722405 5.9917957701490145 1.0 1.0 1.0 0.0 84.0 45.0
Cube 255 0 0 13.629872062824086 -1.5313434791450502 5.9917957701490145 1.0 1.0 1.0 0.0 84.0 45.0
Cube 255 0 0 13.363382433415063 -1.8489334523823524 5.9917957701490145 1.0 1.0 1.0 0.0 84.0 45.0
Cube 255 0 0 13.065155470227506 -2.1369278830773792 5.9917957701490145 1.0 1.0 1.0 0.0 84.0 45.0
Cube 255 0 0 12.738458610278098 -2.39217144398073 5.9917957701490145 1.0 1.0 1.0 0.0 84.0 45.0
Cube 255 0 0 11.748640659897287 -1.4604692370422168 6.453672102495663 1.0 1.0 1.0 0.0 84.0 45.0
Cube 255 0 0 10.834659626428078 -1.7662830129546818 6.453672102495663 1.0 1.0 1.0 0.0 84.0 45.0
Cube 255 0 0 10.558924594783596 -1.7904067023605355 6.453672102495663 1.0 1.0 1.0 0.0 84.0 45.0
Cube 255 0 0 10.282178456311158 -1.7855760805448657 6.453672102495663 1.0 1.0 1.0 0.0 84.0 45.0
Cube 255 0 0 10.007453299616717 -1.7518440728111568 6.453672102495663 1.0 1.0 1.0 0.0 84.0 45.0
Cube 255 0 0 9.737759071006954 -1.6895802540950164 6.453672102495663 1.0 1.0 1.0 0.0 84.0 45.0
Cube 255 0 0 9.476050596887658 -1.5994667998238397 6.453672102495663 1.0 1.0 1.0 0.0 84.0 45.0
Cube 255 0 0 9.225195210067307 -1.4824910118600751 6.453672102495663 1.0 1.0 1.0 0.0 84.0 45.0
Cube 255 0 0 8.470928448846559 -0.8825201392363757 6.453672102495663 1.0 1.0 1.0 0.0 84.0 45.0
Cube 255 0 0 8.382868770060153 -0.7756952067192016 6.453672102495663 1.0 1.0 1.0 0.0 84.0 45.0
Cube 255 0 0 7.9817700956224895 -0.0520940434575895 6.453672102495663 1.0 1.0 1.0 0.0 84.0 45.0
Cube 255 0 0 7.822699528788047 0.8984741812618404 6.453672102495663 1.0 1.0 1.0 0.0 84.0 45.0
Cube 255 0 0 7.89007108716695 1.4471714920921364 6.453672102495663 1.0 1.0 1.0 0.0 84.0 45.0
Cube 255 0 0 7.924734092484039 1.5812033886602688 6.453672102495663 1.0 1.0 1.0 0.0 84.0 45.0
Cube 255 0 0 8.070051000994855 1.9698711155942954 6.453672102495663 1.0 1.0 1.0 0.0 84.0 45.0
Cube 255 0 0 8.532689370718419 2.655760705082818 6.453672102495663 1.0 1.0 1.0 0.0 84.0 45.0
Cube 255 0 0 8.73179420734268 2.8480340108206628 6.453672102495663 1.0 1.0 1.0 0.0 84.0 45.0
Cube 255 0 0 8.838619139859853 2.9360936896070666 6.453672102495663 1.0 1.0 1.0 0.0 84.0 45.0
Cube 255 0 0 9.065350837274352 3.094852933287782 6.453672102495663 1.0 1.0 1.0 0.0 84.0 45.0
Cube 255 0 0 9.433411817684021 3.286453352282827 6.453672102495663 1.0 1.0 1.0 0.0 84.0 45.0
Cube 255 0 0 9.82691426570964 3.418117429604807 6.453672102495663 1.0 1.0 1.0 0.0 84.0 45.0
Cube 255 0 0 10.374352211462678 3.4950548154487016 6.453672102495663 1.0 1.0 1.0 0.0 84.0 45.0
Cube 255 0 0 10.788902580136781 3.476955155469319 6.453672102495663 1.0 1.0 1.0 0.0 84.0 45.0
Cube 255 0 0 11.327551824221906 3.352598178836234 6.453672102495663 1.0 1.0 1.0 0.0 84.0 45.0
Cube 255 0 0 11.945335471587512 3.0445826145035766 6.453672102495663 1.0 1.0 1.0 0.0 84.0 45.0
Cube 255 0 0 12.462348357399717 2.587168252324542 6.453672102495663 1.0 1.0 1.0 0.0 84.0 45.0
Cube 255 0 0 12.900767698861882 1.885550641983201 6.453672102495663 1.0 1.0 1.0 0.0 84.0 45.0
Cube 255 0 0 13.100917505281089 1.0827936145461534 6.453672102495663 1.0 1.0 1.0 0.0 84.0 45.0
Cube 255 0 0 13.091269502048373 0.5300598795304385 6.453672102495663 1.0 1.0 1.0 0.0 84.0 45.0
Cube 255 0 0 12.918429259491061 -0.13826374969139665 6.453672102495663 1.0 1.0 1.0 0.0 84.0 45.0
Cube 255 0 0 12.578503521848239 -0.7390804569420348 6.453672102495663 1.0 1.0 1.0 0.0 84.0 45.0
Cube 255 0 0 12.094657666386423 -1.2314455765189012 6.453672102495663 1.0 1.0 1.0 0.0 84.0 45.0
Cube 255 0 0 11.499864988562255 -1.5818052391946613 6.453672102495663 1.0 1.0 1.0 0.0 84.0 45.0
Cube 255 0 0 10.834659626428078 -1.7662830129546816 6.453672102495663 1.0 1.0 1.0 0.0 84.0 45.0
Cube 255 0 0 10.282178456311158 -1.7855760805448655 6.453672102495663 1.0 1.0 1.0 0.0 84.0 45.0
Cube 255 0 0 10.31108236496392 -0.41457820718782434 6.727838216758892 1.0 1.0 1.0 0.0 84.0 45.0
Cube 255 0 0 10.114810340038948 -0.3746462124042933 6.727838216758892 1.0 1.0 1.0 0.0 84.0 45.0
Cube 255 0 0 9.867397164146338 -0.27468480072651213 6.727838216758892 1.0 1.0 1.0 0.0 84.0 45.0
Cube 255 0 0 9.548461228253768 -0.03434933451134059 6.727838216758892 1.0 1.0 1.0 0.0 84.0 45.0
Cube 255 0 0 9.384175838538669 0.1759263753460778 6.727838216758892 1.0 1.0 1.0 0.0 84.0 45.0
Cube 255 0 0 9.319402871553958 0.2927799010371157 6.727838216758892 1.0 1.0 1.0 0.0 84.0 45.0
Cube 255 0 0 9.190416328929338 0.8746005957119605 6.727838216758892 1.0 1.0 1.0 0.0 84.0 45.0
Cube 255 0 0 9.309812209060663 1.3917609699897162 6.727838216758892 1.0 1.0 1.0 0.0 84.0 45.0
Cube 255 0 0 10.093450341336922 2.072967205624548 6.727838216758892 1.0 1.0 1.0 0.0 84.0 45.0
Cube 255 0 0 9.680797950774615 1.8581539677664 6.727838216758892 1.0 1.0 1.0 0.0 84.0 45.0
Cube 255 0 0 10.882198960381581 2.059199547267082 6.727838216758892 1.0 1.0 1.0 0.0 84.0 45.0
Cube 255 0 0 11.28710310037077 1.8301158070856696 6.727838216758892 1.0 1.0 1.0 0.0 84.0 45.0
Cube 255 0 0 11.583017409829377 1.471143044813204 6.727838216758892 1.0 1.0 1.0 0.0 84.0 45.0
Cube 255 0 0 11.705139857262752 1.1611171506230897 6.727838216758892 1.0 1.0 1.0 0.0 84.0 45.0
Cube 255 0 0 11.742277323297944 0.896870349230211 6.727838216758892 1.0 1.0 1.0 0.0 84.0 45.0
Cube 255 0 0 11.739945595339677 0.763285743967639 6.727838216758892 1.0 1.0 1.0 0.0 84.0 45.0
Cube 255 0 0 11.710340410075364 0.5651928238997914 6.727838216758892 1.0 1.0 1.0 0.0 84.0 45.0
Cube 255 0 0 11.650111153789572 0.3741700277135733 6.727838216758892 1.0 1.0 1.0 0.0 84.0 45.0
Cube 255 0 0 11.400150319559309 -0.018189888621925943 6.727838216758892 1.0 1.0 1.0 0.0 84.0 45.0
Cube 255 0 0 11.143036084321144 -0.2301385080403846 6.727838216758892 1.0 1.0 1.0 0.0 84.0 45.0
Cube 255 0 0 10.404980888196802 0.9509967066555663 6.8089577813838975 1.0 1.0 1.0 0.0 84.0 45.0
Cube 255 0 0 10.589945085535286 0.6549921150184248 6.806927113140894 1.0 1.0 1.0 0.0 84.0 45.0
